1.11019,0.737444,0.368714,0
-0.99809,-0.768809,0.561573,1
-0.0839705,0.400214,0.712853,2
-0.218835,0.248229,0.875296,3
0.0343408,0.468762,0.174549,4
-0.186972,0.235569,-0.377077,5
0.785475,-1.02494,1.66623,6
-0.426389,0.60687,0.314769,7
0.0772188,-0.0186347,0.482204,8
0.377526,0.661006,0.503901,9
0.559235,0.287249,0.43783,10
0.0220044,1.92072,-1.88108,11
0.156779,-0.370041,-0.397511,12
0.218478,-0.493807,-0.357312,13
2.22935,-2.19632,0.610296,14
0.984754,0.869875,-0.293783,15
3.35703,5.36696,5.24168,16
1.85032,0.337434,-1.41589,17
-0.092395,0.391381,0.216208,18
0.846222,-0.677972,-0.612054,19
-0.182282,0.0391562,-0.836276,20
0.0757961,0.666028,-0.367767,21
-0.285412,-0.616481,0.375894,22
0.529882,-2.35717,-1.30744,23
1.69606,-0.238046,-0.817424,24
-1.38008,-1.45002,0.520583,25
-0.446193,0.0388695,-0.75724,26
0.592228,-0.243763,-0.317711,27
-0.141935,-1.60736,-0.015413,28
0.441977,0.143817,-0.355259,29
-0.760893,0.426989,0.105078,30
-0.544513,-0.696464,0.618339,31
-1.40522,-0.758721,1.09846,32
-0.26983,1.28052,1.31276,33
0.217118,2.10816,-0.752388,34
2.72767,-1.31752,-1.23092,35
0.503997,-0.239582,0.306947,36
0.312355,-0.392046,-0.323271,37
0.577472,-0.361735,0.731891,38
0.549877,-1.17589,0.500945,39
-1.53522,3.5194,2.68152,40
0.378323,-0.266904,-0.269949,41
0.998322,0.564622,-1.46099,42
0.509295,-1.05077,-0.713647,43
-1.02942,-1.82992,-1.28382,44
-0.385766,-0.418312,0.3674,45
1.01786,0.49162,0.892558,46
-0.952488,0.538009,-0.448985,47
0.622187,-0.840067,0.277141,48
-0.221881,-1.17455,0.61705,49
-0.684304,-0.278362,-0.28486,50
0.195645,0.716603,-1.28097,51
1.45878,1.78978,-1.1277,52
0.554747,-0.161644,-0.0222006,53
0.0576883,0.226877,0.675677,54
-1.52301,-0.297026,0.0729288,55
0.579182,1.15614,2.08383,56
-0.281881,0.854997,-0.402367,57
-0.0939362,0.291271,-0.0743459,58
1.3152,0.0429049,1.7805,59
-0.2396,0.481795,-0.317392,60
-2.05086,1.85832,1.61539,61
-0.513708,0.0069254,0.66949,62
-0.169374,1.13074,-0.384023,63
1.14649,-0.665191,0.207425,64
-1.47175,0.995192,-1.26508,65
0.695241,0.645044,-0.529685,66
-0.333843,-0.461808,1.01929,67
-0.0114595,1.29774,-1.42799,68
-0.85925,-1.31186,-1.11349,69
-0.0116385,-1.04275,1.19991,70
-0.260403,-0.880215,0.741924,71
2.08251,1.42331,-2.54708,72
-0.502177,0.968782,1.61521,73
0.749483,1.24505,0.449262,74
-2.89903,0.87087,-3.30053,75
-0.6535,-1.25776,0.887795,76
-0.142875,-0.573398,0.560647,77
3.7989,-0.794147,-5.58044,78
-0.922054,-0.166413,-0.105244,79
-0.541488,-0.159522,-0.040218,80
-0.119371,-0.117315,0.714173,81
-0.412924,0.614609,-1.05258,82
0.00251746,0.610611,2.82969,83
-2.23915,-2.55785,-0.403949,84
0.276635,-1.4251,0.0958842,85
-0.112217,0.550751,-0.951725,86
-0.425451,0.933132,-0.0836299,87
4.20377,5.75711,-2.91476,88
0.294577,1.90821,-0.565644,89
-0.907947,0.69655,1.36784,90
0.728301,-1.07835,-0.0889915,91
-0.0842189,0.25377,1.13201,92
-2.13983,0.283178,1.13347,93
5.04028,4.11253,0.386671,94
-0.125826,0.46,-0.541156,95
-0.897117,1.35487,1.35898,96
-0.464284,-0.13892,0.838375,97
-0.443818,0.203565,0.203414,98
-0.184936,0.132575,0.292216,99
