-3.88281,-2.44849,2.46884,0
-0.228917,0.166974,0.170843,1
-0.45215,0.166306,0.424317,2
3.3795,0.884626,-6.5244,3
-0.241655,-1.00693,0.200781,4
0.349781,-0.209063,0.292228,5
-0.501497,-0.749865,-0.17596,6
0.49367,-0.302091,-0.214536,7
1.16046,3.57285,-1.06843,8
-0.382974,-0.122108,-0.238292,9
-0.0433222,0.49205,0.178519,10
0.436458,0.352503,0.028831,11
0.599372,0.117404,-1.09113,12
-1.72048,1.89527,-0.852874,13
-0.29175,2.84822,-1.15115,14
0.493165,-0.526204,-0.506601,15
-1.00276,-1.6622,0.049926,16
1.05509,1.05582,-0.0709733,17
0.698636,1.26285,0.537691,18
0.361223,-0.0483312,0.338876,19
0.210732,0.679766,-0.521978,20
0.0248245,-0.0181588,1.11162,21
-1.10642,0.755694,0.99424,22
-0.695381,-1.0941,0.525913,23
0.329517,0.861324,0.0572295,24
0.0954251,-0.546141,0.21679,25
-0.794267,0.310193,-0.627511,26
-0.0323197,0.518215,-0.468016,27
-8.33507,-3.17268,-7.85972,28
0.0176975,0.143226,-0.114427,29
-0.296417,0.262464,-0.228863,30
0.602172,-0.345461,-0.337998,31
-0.387309,0.122457,0.615445,32
-0.438901,-0.00765188,-0.141499,33
-1.70032,1.27493,1.63931,34
3.09406,-3.46047,3.28659,35
-0.520695,-1.02696,-1.24948,36
-0.163824,0.295428,0.501363,37
0.196622,-0.216097,-0.662577,38
1.01027,-0.953314,1.90606,39
-3.66716,4.02596,0.707511,40
0.0695213,0.569677,-0.898508,41
-3.17631,-0.0611347,-2.38078,42
-0.208407,-0.380361,0.667295,43
0.404127,-0.301715,0.359385,44
-1.40386,-0.152837,0.494678,45
0.474839,-0.219462,-0.504762,46
0.180094,-0.375075,0.0101495,47
-0.107536,-0.0348478,0.309253,48
-0.366337,-1.23345,-0.695837,49
0.765801,-1.03348,-1.44895,50
1.46439,-0.88273,-1.09329,51
-0.513869,0.0580538,-0.393648,52
-0.198861,-0.518021,0.489375,53
-1.58345,-5.19606,3.92038,54
-0.585018,0.211971,-0.66648,55
0.204117,0.0926143,0.188412,56
0.124744,-0.160106,0.277871,57
0.58172,0.463883,0.528057,58
-0.188362,0.675269,0.34302,59
-0.909721,0.658116,-1.05044,60
-1.36062,-1.15464,0.206393,61
1.4134,-0.392518,-0.56465,62
-0.364761,-1.56887,2.25054,63
0.483092,-0.109086,-0.136019,64
0.813854,-0.373431,-1.37527,65
-0.766436,-0.289447,-0.653572,66
0.803515,0.998417,-1.98042,67
-0.375736,-0.70172,1.06925,68
-0.627126,-0.659454,-0.379953,69
-4.4513,10.4779,-3.5733,70
0.170564,0.137258,0.560421,71
-1.88091,1.48246,-0.131695,72
0.313857,0.301358,3.44661,73
3.06527,2.22506,0.75347,74
1.06972,-0.503272,-0.0752731,75
1.60515,1.06696,-1.5354,76
-0.852536,-0.533371,-0.913395,77
1.63831,0.241021,0.895308,78
-0.321305,-0.629113,-0.431575,79
-0.115787,0.483068,-1.58316,80
1.59648,2.65856,0.979088,81
1.91837,-0.683696,0.207268,82
-0.423583,0.553555,-0.168522,83
-1.31109,0.064568,-0.0765974,84
1.8232,0.954128,-2.00735,85
0.397449,0.287385,-0.458567,86
0.0535521,0.48205,-0.661406,87
-0.106579,0.0205874,1.69465,88
3.03032,-0.0328884,-0.235663,89
1.07661,-0.107518,-1.02074,90
-0.539509,-0.744384,-1.97845,91
2.68806,-3.4159,3.41909,92
-0.964576,-0.878955,0.62672,93
2.23689,-6.60808,-3.53196,94
0.54575,-0.670774,0.939474,95
0.300503,0.934306,-0.887549,96
0.895778,0.102077,-0.821724,97
0.924969,1.12989,-1.04068,98
0.977343,-0.241517,0.377094,99
