0.536201,0.613752,0.568724,0
-0.474077,-0.641184,0.0744268,1
0.374717,-0.183498,-0.2305,2
0.408621,0.227159,0.675413,3
-0.153046,0.449675,0.317497,4
-0.323624,0.564191,-0.484695,5
0.259883,-1.36184,0.954641,6
-0.520224,0.261488,-0.527186,7
0.266101,-0.170054,0.17882,8
-0.327102,0.424627,0.547319,9
-0.151268,0.315261,-0.331918,10
-0.392889,1.66883,-1.6989,11
-0.267962,-0.217683,-0.0152249,12
-0.504306,-0.256387,-1.4662,13
2.50141,-2.42401,0.157443,14
0.806294,1.30843,-0.781331,15
3.41015,5.11646,5.00705,16
1.37941,0.775468,-0.92266,17
-0.564068,0.386649,1.10665,18
0.948588,-0.81692,-0.700243,19
0.0448056,-0.966109,-0.915223,20
0.104577,0.518792,-0.970996,21
-0.0237463,-0.953894,-0.809355,22
0.604033,-1.56918,-1.6537,23
0.831037,-0.338749,-0.273655,24
-1.22066,-1.35569,0.791365,25
-0.222542,-0.184984,0.190059,26
0.657964,-1.12987,-0.896318,27
-0.465335,-0.608788,-0.48972,28
-0.540976,0.394346,-0.276354,29
0.107352,-0.322047,-0.383071,30
0.0442137,-0.550726,0.137042,31
-1.3202,-0.524083,0.400801,32
-0.578948,0.928066,1.01397,33
0.190721,1.49206,-0.877888,34
2.84559,-1.31252,-0.691541,35
0.831129,0.732808,0.235668,36
-0.0279464,0.09085,-0.0949831,37
0.147733,-0.348047,1.03672,38
0.188517,-0.75506,0.434756,39
-1.54476,3.26488,2.97376,40
0.313297,-0.107747,-0.249,41
0.812588,0.333714,-1.42365,42
0.83967,-0.635044,-0.867826,43
-0.503191,-1.18184,-1.16176,44
-0.231852,-0.158841,-0.0202633,45
0.82261,0.752642,1.32116,46
-0.27764,0.917946,-0.362663,47
0.139097,0.130079,0.100052,48
-0.769139,-0.81346,0.181683,49
-1.11857,-0.291689,0.428116,50
-0.418607,0.434849,-0.310316,51
1.34276,1.42684,-1.72594,52
0.413357,0.381452,0.574431,53
0.0569881,-0.736136,0.717121,54
-1.19256,-0.665303,-0.148589,55
0.663419,1.42253,2.33793,56
-0.381342,0.275189,-0.35071,57
0.645839,0.163053,0.529123,58
1.55678,0.0374667,1.75261,59
0.894779,0.699356,-0.38565,60
-1.96779,1.71536,1.59167,61
-0.312136,-0.262384,-0.188099,62
0.204742,1.42094,-0.303009,63
0.302902,-0.464709,1.02203,64
-1.93259,0.958217,-1.89979,65
-0.161645,0.722408,-0.79282,66
-0.97054,0.141005,1.31499,67
-0.16828,1.866,-0.969923,68
-0.60335,-1.09709,-1.60177,69
-0.291048,-0.825372,1.07089,70
0.370223,-0.713097,0.34356,71
2.7771,1.20276,-2.69172,72
-0.650362,0.459912,1.33898,73
0.626608,1.32412,0.237065,74
-2.68457,1.2621,-3.14813,75
0.30586,-1.55287,0.413504,76
-0.314404,-0.181323,-0.028509,77
3.66589,-0.685828,-5.60496,78
-0.845235,-0.52463,-0.162775,79
-0.386147,0.350304,0.690064,80
0.141323,0.0210478,0.439216,81
-0.574595,0.555553,-1.29614,82
-0.143137,0.0872436,3.16952,83
-1.72906,-2.13813,-0.813297,84
1.0442,-1.6349,0.395698,85
-0.805182,0.676996,-0.573953,86
-0.0124013,0.386475,-0.206729,87
4.15225,5.85593,-3.04261,88
0.793441,2.16079,-0.957492,89
-0.977105,0.716072,1.64044,90
-0.0470303,-0.879993,-0.721551,91
0.109265,0.598324,0.393027,92
-1.66173,0.198156,1.52953,93
5.0812,4.42593,0.0121602,94
-0.00126649,0.444261,-0.41341,95
-1.09862,2.16126,0.995915,96
0.14413,-0.0811555,0.31199,97
-0.0634054,-0.119719,0.341706,98
0.371936,0.239524,-0.279962,99
