-3.91877,-2.5291,2.52859,0
-0.0995595,0.187765,-0.0545966,1
-0.600667,0.241414,0.502923,2
3.41404,0.847029,-6.4434,3
-0.275924,-1.16957,0.231517,4
0.223137,-0.346469,0.0239266,5
-0.466538,-0.649738,-0.293039,6
0.321316,-0.0859791,-0.311232,7
1.07322,3.41599,-1.02674,8
-0.516743,-0.0215903,-0.434478,9
-0.0634679,0.502748,0.260812,10
0.692755,0.217914,0.186489,11
0.679008,-0.0623523,-0.957051,12
-1.81861,2.01998,-0.723484,13
-0.382093,2.79825,-1.0715,14
0.565117,-0.306215,-0.717921,15
-1.09647,-1.61539,0.0205668,16
0.868691,1.11471,-0.16552,17
0.635443,1.19317,0.638222,18
0.233933,0.111827,0.319281,19
0.0960771,0.568351,-0.366061,20
-0.0227887,0.0685964,1.28574,21
-1.10648,0.669268,0.884669,22
-0.502655,-1.06805,0.469519,23
0.207768,0.749443,0.0760671,24
0.188205,-0.730192,0.0647661,25
-0.670323,0.122467,-0.455662,26
0.0348106,0.671049,-0.825299,27
-8.29572,-3.15307,-7.82724,28
-0.0412101,0.384709,-0.0509307,29
-0.387343,0.278687,-0.248869,30
0.575026,-0.346773,-0.444922,31
-0.513267,0.197796,0.414482,32
-0.362246,-0.263506,0.130132,33
-1.94459,1.28026,1.6712,34
3.05483,-3.3916,3.34112,35
-0.544631,-0.791807,-1.27213,36
-0.0388511,0.0808147,0.676546,37
0.177859,-0.177827,-0.607476,38
0.931288,-1.20738,1.85424,39
-3.67579,3.90507,0.702552,40
0.135768,0.465561,-0.99331,41
-3.13848,0.00469857,-2.47687,42
-0.193146,-0.236389,0.584431,43
0.465823,-0.204763,0.155351,44
-1.33633,-0.0782812,0.215539,45
0.350803,-0.402748,-0.671558,46
0.348575,-0.239644,-0.0738658,47
0.0391228,0.0408337,0.273266,48
-0.50329,-1.01016,-0.583599,49
0.583823,-0.816675,-1.43115,50
1.53479,-0.816848,-0.935699,51
-0.654506,-0.0209281,-0.657808,52
-0.0379774,-0.26151,0.41053,53
-1.51889,-5.26276,3.84271,54
-0.68275,-0.036125,-0.587308,55
0.330806,0.151493,0.220411,56
-0.0746897,-0.125128,0.297626,57
0.500745,0.425001,0.353983,58
-0.17752,0.654104,0.39053,59
-0.850394,0.75429,-1.12024,60
-1.39842,-1.29978,0.245044,61
1.21493,-0.434918,-0.630873,62
-0.312847,-1.40695,2.39542,63
0.572642,-0.084701,-0.00148993,64
0.836882,-0.137077,-1.4053,65
-0.8538,-0.358928,-0.608325,66
0.981882,1.05091,-2.09867,67
-0.345722,-0.547885,1.17723,68
-0.585628,-0.722604,-0.396026,69
-4.41183,10.5911,-3.64444,70
0.0531278,0.121792,0.748867,71
-1.83115,1.5585,-0.189627,72
0.183473,0.301998,3.23513,73
3.01444,2.30466,0.75929,74
1.11296,-0.39726,-0.0321022,75
1.57403,1.0299,-1.42499,76
-0.893366,-0.389138,-0.973897,77
1.64266,0.182674,0.94082,78
-0.0882846,-0.501795,-0.387984,79
-0.00527472,0.494113,-1.7179,80
1.55971,2.6924,1.12704,81
2.02591,-0.867513,-0.0484056,82
-0.478354,0.448045,-0.0815674,83
-1.25299,-0.230588,-0.0551379,84
1.67809,0.920182,-2.01349,85
0.644633,0.0914009,-0.380962,86
0.209443,0.277928,-0.741139,87
-0.201445,0.0739906,1.71515,88
2.90148,0.074497,-0.133422,89
1.09022,-0.158396,-0.878153,90
-0.532013,-0.713453,-1.96327,91
2.59083,-3.31342,3.40315,92
-1.12634,-0.980227,0.588789,93
2.32309,-6.55897,-3.54952,94
0.781717,-0.632859,0.81902,95
0.408118,1.121,-0.889521,96
0.592612,0.100977,-0.905253,97
0.7869,0.962243,-0.910672,98
1.02796,-0.31258,0.3117,99
