0.309959,-0.214041,0.244643,0
0.830353,-0.0193329,0.0408015,1
0.560781,0.358499,0.0706282,2
-1.26636,0.110586,0.426245,3
0.482128,0.599063,-1.16955,4
1.23244,0.0509229,1.46286,5
0.250987,0.569048,-0.0158072,6
-0.0626278,0.193141,-0.184699,7
-1.36587,-0.205581,0.455178,8
1.42644,-1.01534,0.619087,9
-0.772603,0.935318,-4.51686,10
-1.23748,5.95699,-6.7556,11
-0.161376,0.844716,-0.0769105,12
-3.66379,0.877916,-0.716836,13
-1.32827,-0.828712,-0.122659,14
-2.3311,1.74627,-2.76718,15
0.966692,0.629744,0.0119996,16
0.85422,0.916072,-0.360511,17
0.335445,1.57849,-2.29889,18
-0.608694,0.416545,0.375365,19
-0.852772,-0.567244,-0.482884,20
0.567123,0.135124,0.579733,21
-1.12949,1.59643,0.840703,22
-0.574489,-0.56772,-0.375684,23
0.800489,-0.157144,-0.692826,24
0.13207,0.0267707,-0.680437,25
-1.60324,0.296088,-0.9982,26
0.623571,-2.37044,-1.84201,27
-0.425935,0.0643109,-0.132985,28
0.556381,1.19962,-0.719459,29
1.10177,0.000224622,-1.45793,30
-1.33548,0.148817,1.1541,31
1.36427,-0.728599,-0.265444,32
0.0690793,1.20632,-0.761365,33
0.00136241,-0.626946,0.306633,34
-0.506728,-0.928301,0.865574,35
-0.64467,1.61361,1.64201,36
-0.693354,-4.96181,5.04995,37
-0.477311,1.66564,-0.438205,38
-1.02407,0.799428,-0.980065,39
-0.0138594,1.63338,-0.229665,40
0.564804,0.740032,-0.126413,41
-0.551097,0.381088,-0.226869,42
-1.0922,0.783795,0.646465,43
-1.1796,-0.483013,-0.461094,44
-0.372952,0.704543,-0.67436,45
0.475761,-1.11153,0.900487,46
-0.457886,-0.00591908,0.367155,47
1.40966,-0.113737,1.19915,48
0.87581,-0.560915,-1.62814,49
0.0975698,1.51567,1.38664,50
1.11083,-1.70153,1.96069,51
-3.15478,1.07802,-2.07965,52
-0.172675,-1.47035,2.20994,53
-1.67365,0.293101,-1.906,54
-3.21261,-0.567246,-0.0564414,55
0.385096,0.209799,1.91487,56
0.191629,-0.580947,0.427913,57
0.0323772,0.311665,0.813806,58
0.373838,0.28667,-0.539081,59
1.53016,-0.169405,-0.932364,60
-0.492984,0.352569,0.178559,61
-0.425008,1.39091,0.712201,62
-1.32145,-0.235369,-0.0107224,63
0.0035417,-0.254451,0.49775,64
2.35089,-0.759393,-2.72141,65
-2.07071,1.05492,0.766455,66
0.194852,4.4527,-2.3098,67
-0.212898,0.620562,-0.00236425,68
-1.09608,0.579076,1.84979,69
-0.50012,0.595662,-0.534215,70
1.74176,1.91213,-4.38076,71
-1.36717,2.83985,-1.18297,72
-0.40713,1.66648,-0.311261,73
0.621858,0.432669,0.392243,74
-0.16459,0.547593,-0.489322,75
-1.01162,-0.184631,0.109078,76
-1.17962,8.59253,-2.79659,77
-0.353509,0.463035,-0.260109,78
0.822947,-0.0622681,-0.707829,79
-0.240988,-0.701295,-0.0328153,80
-0.279252,0.0291484,0.102698,81
-0.423291,-0.714506,0.498747,82
-1.74252,2.60934,-0.000923102,83
0.528458,-0.57993,-0.579619,84
0.616423,0.842567,1.14885,85
0.351446,-0.0180801,0.34794,86
0.477629,0.511547,0.576022,87
-6.29437,5.4663,-0.121784,88
0.845827,-2.49421,-0.720736,89
0.0303584,1.96699,-2.24556,90
-0.331416,-0.580526,0.781853,91
0.850991,1.24977,-0.112402,92
-0.0186904,0.531025,0.81946,93
1.88108,0.0829791,1.02752,94
-0.108674,0.178078,-0.341493,95
0.659557,-0.118746,-0.477124,96
-0.399933,-0.501374,-0.158114,97
-1.35358,0.928333,-0.826563,98
-0.00897055,-0.229207,0.328392,99
