0.739742,0.679247,0.530209,0
-0.664054,-0.711182,0.223137,1
0.274153,-0.012545,0.044987,2
0.243944,0.249103,0.789923,3
-0.109271,0.504628,0.291649,4
-0.311395,0.49018,-0.486761,5
0.421281,-1.29237,1.18725,6
-0.55177,0.385697,-0.292851,7
0.245232,-0.145595,0.285648,8
-0.129334,0.540044,0.567087,9
0.0779013,0.339513,-0.116388,10
-0.280475,1.75914,-1.77719,11
-0.153634,-0.29878,-0.160053,12
-0.309862,-0.339509,-1.19287,13
2.43397,-2.36978,0.288998,14
0.884812,1.2099,-0.653636,15
3.39652,5.19002,5.0762,16
1.5403,0.656447,-1.07898,17
-0.458114,0.41508,0.890026,18
0.955469,-0.7992,-0.692446,19
-0.0243886,-0.700217,-0.936705,20
0.113973,0.582856,-0.847124,21
-0.107149,-0.900003,-0.496295,22
0.588271,-1.81279,-1.57055,23
1.1185,-0.317281,-0.441059,24
-1.29096,-1.40863,0.726115,25
-0.325129,-0.129708,-0.107719,26
0.659947,-0.902953,-0.753268,27
-0.391346,-0.936757,-0.375893,28
-0.269696,0.331867,-0.322386,29
-0.169065,-0.112376,-0.275312,30
-0.137718,-0.638849,0.296156,31
-1.38321,-0.60517,0.624112,32
-0.498884,1.05876,1.12077,33
0.198712,1.69897,-0.854703,34
2.82538,-1.32005,-0.850351,35
0.794478,0.47262,0.26708,36
0.0888819,-0.0610818,-0.190383,37
0.294418,-0.368089,1.00234,38
0.317051,-0.922508,0.472617,39
-1.54516,3.344,2.89569,40
0.376098,-0.171409,-0.287556,41
0.881808,0.403335,-1.46554,42
0.765496,-0.776758,-0.856984,43
-0.667155,-1.39082,-1.21386,44
-0.305331,-0.257252,0.0914033,45
0.903936,0.693223,1.22451,46
-0.513325,0.855253,-0.398548,47
0.323391,-0.171462,0.153176,48
-0.639131,-0.963571,0.322062,49
-1.0433,-0.294344,0.226623,50
-0.249288,0.539586,-0.643168,51
1.39006,1.54491,-1.56948,52
0.506728,0.235741,0.423711,53
0.0649561,-0.485562,0.757241,54
-1.3331,-0.574345,-0.0991314,55
0.646417,1.35803,2.28417,56
-0.391517,0.475246,-0.382148,57
0.4762,0.218197,0.369334,58
1.50731,0.0377134,1.78066,59
0.606716,0.66763,-0.380731,60
-2.00436,1.76551,1.60667,61
-0.428744,-0.19292,0.0632063,62
0.0982813,1.38523,-0.33002,63
0.586345,-0.543868,0.817484,64
-1.81777,0.975583,-1.73219,65
0.108374,0.736797,-0.75534,66
-0.813895,-0.0396452,1.27162,67
-0.130252,1.72949,-1.11653,68
-0.690084,-1.17135,-1.48849,69
-0.218966,-0.916545,1.15081,70
0.203892,-0.802918,0.483083,71
2.58747,1.26994,-2.66037,72
-0.617892,0.618239,1.45045,73
0.681561,1.3372,0.309494,74
-2.75252,1.15235,-3.19964,75
0.026962,-1.51404,0.567166,76
-0.285673,-0.331565,0.16017,77
3.70642,-0.717425,-5.60252,78
-0.918402,-0.438342,-0.167578,79
-0.481001,0.219269,0.502068,80
0.0751385,-0.01958,0.568161,81
-0.550915,0.583663,-1.27804,82
-0.101744,0.236508,3.09165,83
-1.88671,-2.2711,-0.700215,84
0.842822,-1.61121,0.312288,85
-0.648281,0.666574,-0.721329,86
-0.14379,0.598166,-0.167921,87
4.16875,5.83047,-3.00821,88
0.661461,2.11842,-0.852321,89
-0.979583,0.721902,1.58994,90
0.186894,-0.975442,-0.560339,91
0.0593334,0.538767,0.651565,92
-1.82311,0.222432,1.43077,93
5.07328,4.33891,0.119421,94
-0.0269835,0.469283,-0.484853,95
-1.05324,1.95266,1.10899,96
-0.0460711,-0.109965,0.511144,97
-0.200002,-0.016798,0.325679,98
0.235979,0.222487,-0.129348,99
