0.222294,-0.201742,0.36921,0
0.913939,0.0421995,0.202959,1
0.600845,0.446978,0.0627659,2
-1.38345,0.120819,0.475054,3
0.476481,0.574444,-1.25183,4
1.31079,-0.00296846,1.50326,5
0.376946,0.726603,-0.00767306,6
-0.190652,0.289525,-0.168668,7
-1.23785,-0.230606,0.507218,8
1.4254,-0.999893,0.720591,9
-0.851928,0.968506,-4.47025,10
-1.22141,5.98829,-6.74618,11
-0.210056,0.820201,-0.12073,12
-3.74164,0.824683,-0.735463,13
-1.47151,-0.840168,-0.180638,14
-2.31028,1.81615,-2.78947,15
0.971539,0.753529,-0.0355812,16
0.832032,0.992037,-0.423736,17
0.404145,1.57051,-2.25013,18
-0.573564,0.584249,0.266924,19
-0.904721,-0.486024,-0.362939,20
0.507861,0.0327646,0.518915,21
-1.16574,1.57742,0.945986,22
-0.660341,-0.526174,-0.451587,23
0.814142,-0.228593,-0.675621,24
0.0995134,0.00176479,-0.738725,25
-1.62003,0.325405,-0.982195,26
0.688071,-2.31915,-1.83064,27
-0.488677,0.25121,-0.075695,28
0.61124,1.31344,-0.758405,29
1.07494,-0.094493,-1.41111,30
-1.38864,0.144514,1.15135,31
1.42938,-0.746878,-0.347697,32
0.119711,1.2564,-0.733168,33
-0.0932371,-0.499167,0.232841,34
-0.505752,-1.03595,0.900254,35
-0.681522,1.6135,1.7051,36
-0.656979,-4.96031,5.01469,37
-0.495542,1.64971,-0.371384,38
-1.0944,0.80735,-0.948854,39
-0.0822555,1.51302,-0.258382,40
0.569497,0.842964,-0.0290947,41
-0.529732,0.338108,-0.351577,42
-1.03275,0.782411,0.700535,43
-1.19661,-0.406915,-0.342159,44
-0.333783,0.724516,-0.649788,45
0.585873,-1.12135,0.973342,46
-0.417147,0.0145141,0.340039,47
1.48451,-0.131266,1.30728,48
0.803529,-0.434308,-1.65088,49
0.14125,1.48558,1.48394,50
1.1305,-1.75973,2.03002,51
-3.17733,1.09015,-2.02381,52
-0.179909,-1.4509,2.25732,53
-1.67422,0.344489,-1.93803,54
-3.18889,-0.489417,-0.0755239,55
0.367976,0.118359,1.88079,56
0.265967,-0.448689,0.438059,57
-0.0548512,0.31737,0.735841,58
0.411866,0.270128,-0.731157,59
1.55398,-0.155471,-0.96465,60
-0.385429,0.314866,0.290029,61
-0.345247,1.38752,0.664122,62
-1.47061,-0.250518,0.0103792,63
-0.0174507,-0.266294,0.538889,64
2.38943,-0.7758,-2.75971,65
-1.9937,1.14242,0.791042,66
0.170149,4.42361,-2.27215,67
-0.222194,0.586431,-0.122268,68
-1.06624,0.542401,1.81126,69
-0.422548,0.490551,-0.519741,70
1.76994,1.91974,-4.39907,71
-1.32267,2.73946,-1.14995,72
-0.462068,1.73029,-0.30676,73
0.752102,0.547311,0.488235,74
-0.219561,0.517138,-0.469847,75
-1.01722,-0.231481,0.229021,76
-1.20703,8.62683,-2.84825,77
-0.351976,0.323219,-0.31847,78
0.862888,0.0268331,-0.743734,79
-0.241421,-0.635175,-0.0760866,80
-0.268553,0.0128951,0.13804,81
-0.414557,-0.63213,0.571931,82
-1.74681,2.6516,-0.0850638,83
0.483525,-0.592489,-0.550481,84
0.653499,0.789279,1.21835,85
0.314739,0.0720738,0.312107,86
0.518757,0.440193,0.514147,87
-6.29534,5.46435,-0.170992,88
0.876586,-2.48443,-0.672514,89
0.00448831,2.07307,-2.24159,90
-0.353577,-0.632724,0.797259,91
0.806284,1.20864,-0.0984445,92
0.0128895,0.503507,0.87246,93
1.95611,0.0562503,1.07463,94
-0.0641298,0.125028,-0.339143,95
0.561657,-0.182265,-0.444271,96
-0.435538,-0.523047,-0.147289,97
-1.19228,0.955688,-0.791845,98
0.0586233,-0.196583,0.34214,99
