id,mass,timestep,x,y,z,x,y,z,
1,10.360256,0,6655.53638333282,498.498340085181,23.3652856359891,0.0759066404987607,-219.666469252372,9.76622889969455,
2,7.959045,0,6655.12367132038,499.19307404435,22.9278908000338,0.311351833248357,-219.748892050454,9.52308331432664,
3,6.485306,0,6654.70846751467,499.66744657232,23.685515620437,0.319886095554873,-219.797671847183,9.48175173806513,
4,5.476281,0,6655.05762370372,499.540326713213,23.5763776493363,0.32941388266231,-220.309912005285,9.60276129549586,
5,5.1344,0,6654.03311551919,499.538246010248,24.0678518845192,-0.126116784627108,-220.507852934158,9.73106963501338,
6,4.945388,0,6655.06615986311,499.800466689842,23.841483081483,0.0505081995087125,-218.98057652041,10.3594221573664,
7,4.802975,0,6653.51230498759,499.956573185741,24.2476409842033,0.0031420302841614,-220.401053009312,10.210300250326,
8,4.512315,0,6655.27486128865,500.037153936965,23.679560690534,0.419646611724677,-220.734561958952,9.7903097467697,
9,4.117568,0,6655.41961446207,499.770300568522,23.8536352100486,-0.556384531029751,-220.55197999606,9.504509106744,
10,3.902224,0,6655.00982531097,500.403913057922,24.5027658066623,-0.322738795340351,-219.614763545019,9.50066928572241,
11,3.664999,0,6654.88070606543,499.618519272581,24.0365019449184,0.112345500712695,-219.81885893072,10.3354875442539,
12,3.483121,0,6655.44095445751,499.486697210163,24.3889442427877,0.222070746739805,-220.126442965031,10.8915626726656,
13,3.305911,0,6654.879792552,498.533532123228,22.7728133877656,-0.249586190172773,-220.080803105039,10.4425680988867,
14,3.172498,0,6655.20546299371,499.922505692468,25.5277318913869,0.1029302197288,-220.564808991429,9.98422161626128,
15,2.997139,0,6654.83213134708,500.103366253063,24.4363116728684,-0.642555340573085,-220.208408121257,10.0866223094249,
16,2.762822,0,6654.15216468599,499.405157126223,23.5647509382145,-0.0155444946255679,-220.080642248172,10.2774974243223,
17,2.667298,0,6654.57026309907,500.111702572572,24.0989020198934,-0.460509797649833,-218.896932710743,10.0583638445198,
18,2.426048,0,6655.20922873323,499.775098147076,23.3784733525777,-0.918977035548666,-219.965772320041,9.97836967200452,
19,2.062285,0,6655.08997646658,500.164809264867,24.2642099632513,0.855879604475878,-220.468711824698,9.54379706082726,
20,2.030871,0,6655.70943096507,500.392378342569,24.2299774876548,-0.88853330287101,-220.551188410153,10.1578463048017,
21,1.900863,0,6654.96005687066,500.104287542183,24.035305190868,0.0098280663207768,-219.004223185622,9.72974287127744,
22,1.851381,0,6654.47496530502,502.230551043141,25.3033064673395,0.27396330560718,-220.250266604961,10.1127586811269,
23,1.728448,0,6654.37855838133,499.67550588668,23.3933855811697,0.10310574261583,-220.008687276042,9.25638589715354,
24,1.546941,0,6655.34144812689,500.124288656451,24.2222176951361,-0.625725070068122,-219.401076592578,10.4072134879891,
25,1.476942,0,6654.64548443136,499.693301057972,24.3732296438852,0.246116770793464,-220.393871772156,9.85256746502705,
26,1.473904,0,6655.65915841621,500.446783213629,23.8401928825159,0.126116293989299,-220.449628756056,9.37404197674317,
27,1.459134,0,6655.42260122768,500.252588912184,24.2939786941985,-0.431036938881656,-219.834073743304,10.2087112905187,
28,1.44669,0,6654.98944880134,499.988327408848,24.9161050240784,-0.223594076940556,-220.285113176893,10.6181825967957,
29,1.424403,0,6655.34833423953,500.011045607296,23.4273217614555,0.408236304351522,-219.222935718177,9.44285279117288,
30,1.379852,0,6654.70411274419,500.274282428668,23.5350425246193,-0.358990282642693,-220.100417453537,10.1488476622669,
31,1.374076,0,6654.97603135086,500.417400222712,24.2014782151079,0.32400389855384,-220.372280354787,10.1696656958542,
32,1.292642,0,6654.77180193793,500.426620842147,23.5120840653976,0.615894191666406,-219.801001778165,9.78886228528882,
33,1.291744,0,6655.71917467812,500.06234480843,24.5822180601933,0.157500783096653,-219.138805052699,10.4426488933026,
34,1.272046,0,6655.103221811,500.499394265453,23.8536902838971,0.295661991036178,-220.774896573764,10.3384380922399,
35,1.264003,0,6655.31767183246,499.858567622263,22.94018194334,-0.295225321351695,-220.316535833109,9.96621410668247,
36,1.255688,0,6655.12721537106,499.51192074299,23.8926109029515,0.481359513603968,-219.666410351221,10.1392896780966,
37,1.231991,0,6655.41362211137,499.690369921979,24.5411455621503,-0.552414550511817,-219.996396192953,10.7435426370903,
38,1.229114,0,6655.24924137799,500.292559482769,24.1605657849871,-0.533771270341075,-220.402159936975,10.1685537036561,
39,1.226594,0,6655.36753292732,500.381371320361,24.1451779599506,-0.946752630844282,-219.225422777783,9.55556791278241,
40,1.219564,0,6655.54346006545,500.124267993237,24.1316992492563,0.344199260432475,-219.374275073311,10.6727906714727,
41,1.207072,0,6654.87645622922,500.255640804219,24.2739266931305,-0.625848990086381,-219.997859099308,10.2810243380576,
42,1.185781,0,6655.43438334818,500.182067726896,24.1941425924058,0.927209711756297,-220.044037156976,9.41430687293835,
43,1.181673,0,6655.0721731056,500.392342230018,24.2160548077303,-0.489604117484369,-219.990158211241,11.2381370279868,
44,1.16567,0,6655.05136608295,500.356127284721,23.8724104921992,0.7111226688797,-219.198495351682,10.1619377472876,
45,1.163287,0,6654.79103323958,500.440349371248,25.6248550783415,-0.354651443861577,-220.432959652516,9.21161486117567,
46,1.049003,0,6655.62039086063,500.60877408083,23.2378819430022,0.195867867392063,-220.260161783953,9.59717548193969,
47,1.041232,0,6654.60612891175,500.900005344298,23.9642637245236,0.234338588510864,-220.183023924082,9.56639003455903,
48,1.025733,0,6654.9510376961,499.918534785777,24.1926044762116,0.813501704986489,-219.516397184692,10.1796207458843,
49,1.014278,0,6655.35120645588,499.919008670316,23.5459032189743,-0.624039822929894,-219.274666005347,9.97268693278062,
50,0.993687,0,6655.81222720305,501.590694706027,24.3632678270478,0.314366877722059,-220.299140252864,10.197654908101,
51,0.981241,0,6652.91139411624,497.615762516047,24.750584050006,0.213325660910226,-220.253763122927,9.80304679696111,
52,0.980499,0,6654.59320239846,500.375342076752,25.0001047724946,0.296075713691519,-219.673096665557,10.5658907714466,
53,0.980356,0,6655.01293406951,500.306791415586,24.471439967536,0.644005062006839,-219.656775883797,11.0018090322209,
54,0.971547,0,6655.3670515142,499.852568148747,23.5699337346274,0.850391203882806,-220.045877547491,10.3625179589832,
55,0.930572,0,6655.33996915387,500.67104436695,24.1897218851883,-0.352585360193393,-219.945522676863,9.72804639568799,
56,0.864861,0,6656.48774730554,499.235944557876,22.1202934914061,0.0032577549071583,-220.020479608757,9.80680196110984,
57,0.854103,0,6655.5038620202,500.265241976264,23.7120860034084,-0.422300346204185,-219.912366601463,8.86432575968081,
58,0.851357,0,6655.4996618537,500.327852447269,24.197103665686,0.695458630304362,-220.432739394156,9.99841637807573,
59,0.848067,0,6655.19268262786,501.795962698566,23.9498786668822,0.051445270454319,-220.429896960449,9.51890431495891,
60,0.83971,0,6655.42325977326,500.040833231248,23.9927477658711,-0.889546192196253,-220.062742824873,10.4225971936262,
61,0.837439,0,6654.06513163894,499.394802441794,23.1485233937002,-0.485820805669002,-220.125886162469,10.0737333008251,
62,0.821566,0,6654.45944966867,500.194662949062,22.5386202990757,0.026544241406671,-220.467293007061,9.70430812294159,
63,0.800882,0,6654.76017791917,499.6467573149,23.6223216562544,0.239457408791922,-219.852241090282,10.1732495312443,
64,0.790313,0,6653.36560067282,501.466028516073,23.9960912692981,0.140763558458847,-220.239078003884,10.2509498007824,
65,0.774549,0,6655.44117374203,499.734988276618,24.8883401489642,-0.257875854945121,-220.290511083783,10.3521277872842,
66,0.763379,0,6655.33284606447,500.632015184664,23.8237571383653,0.92901224651629,-219.5574722531,10.2179515902973,
67,0.761964,0,6654.75028645901,500.232787684209,24.1755979724541,0.0555647181408072,-220.195256709341,9.6496008464469,
68,0.759833,0,6655.10661341882,500.187125623993,23.7321718773523,-0.221939222426297,-219.858614386474,10.9082547491652,
69,0.758853,0,6655.0922392313,500.15744544599,24.1444738685132,0.579373469988161,-220.040539455363,10.247130290608,
70,0.756635,0,6655.55676121527,499.540370618388,24.0824532594599,-0.836277844196218,-219.576145046596,9.8216946083809,
71,0.743776,0,6655.20006550867,499.36550074412,23.8740067719131,0.692023437857658,-219.854835047626,10.8583723437259,
72,0.736961,0,6653.84693091292,501.243413795267,23.3785259331675,-0.0001589377201728,-220.41432845597,10.1070798358496,
73,0.720496,0,6654.72514104651,500.232220197199,25.7960560263187,-0.0555485405620566,-220.137559671745,10.5336649328634,
74,0.708993,0,6654.29945625185,501.06223905058,23.8325962535447,-0.690168735396021,-220.107775458371,10.1594027220896,
75,0.700354,0,6655.312091959,501.388072052073,23.5217615583671,-0.128316693041996,-220.398215326377,9.37757973543772,
76,0.698718,0,6655.42631517337,499.946477132925,23.7110571998085,0.684200826038035,-219.848359338377,9.250393632426,
77,0.698195,0,6654.93062972963,500.143356030832,24.6013136902184,0.0530540786898552,-220.133975030581,9.35576780527538,
78,0.669485,0,6656.5644663869,503.31212532673,25.2813129581923,0.15024987038779,-220.153089648451,10.2493345229388,
79,0.663864,0,6654.93440694723,499.980684524875,24.3684037583993,0.409649426398642,-220.090473875849,9.94048009812222,
80,0.661193,0,6655.210217033,500.606834124739,23.2597878865604,0.264838565232843,-219.089640322347,10.4472879885227,
81,0.65904,0,6654.45860011775,500.617899418865,23.5317699355684,0.265509215484543,-219.782627561148,9.38097551804402,
82,0.646895,0,6654.62286430024,500.626330690206,23.7309774496003,0.198980455763608,-219.675176459056,9.07532138513254,
83,0.644804,0,6655.49882631901,500.785888215515,24.7027973929667,-0.0432587027623471,-220.45739468536,10.0021743136511,
84,0.643477,0,6654.59220641624,499.823493123611,23.7244529322342,0.386498981092643,-220.034515058289,10.7692337251328,
85,0.637369,0,6654.32917911197,499.947384958494,24.1848783855302,0.789189275705731,-220.00910569017,10.3301694147852,
86,0.633282,0,6655.6374610664,499.103817938646,24.2534766178687,-0.0461057449684169,-220.33606941017,10.3714136433678,
87,0.633249,0,6655.09890843462,499.841351381503,24.2269556695731,0.372730376473576,-220.06459969801,10.7495005158449,
88,0.625698,0,6655.35533308777,500.752423459279,24.4236623572031,0.39400968806065,-220.129773477658,10.2455196890584,
89,0.623683,0,6655.34320379166,499.977710754581,24.5898803421189,-0.862543974673436,-220.740528629352,10.3157784824051,
90,0.622138,0,6656.16007209242,501.284450277291,23.7387848013371,0.378035824266682,-220.114097355891,9.63104953976039,
91,0.619695,0,6655.28946568246,499.75216948152,23.8795326762661,0.374219784527115,-220.14747049063,9.86788772298362,
92,0.617443,0,6655.1516276416,500.184216479409,25.1210235605731,0.351665625333456,-220.809901760899,10.4277930172855,
93,0.617098,0,6655.69539843956,500.65189630019,24.4872387649975,0.689550094717298,-220.343739369017,9.91726891000552,
94,0.616798,0,6654.85146374377,500.659241541705,24.1327045881653,0.16971624796538,-220.212208350264,9.28604986876238,
95,0.614246,0,6654.98534226325,500.219129369959,24.2451017911845,-0.288607842031547,-219.457272177059,10.1102735392899,
96,0.613552,0,6655.24567797713,499.813773027915,24.4878747166573,0.358328416972043,-219.723696529864,9.98030160181034,
97,0.612212,0,6654.43751539471,500.994366070533,23.870342667571,-0.23088992732215,-219.963291380065,9.9713534170278,
98,0.610407,0,6654.03967356136,499.832728351183,24.6322036593724,0.177112708911791,-220.152958841269,10.4475457302705,
99,0.600869,0,6654.91576289187,500.757722925407,23.3556414210176,0.175314801030954,-220.352464622692,9.37104683585832,
100,0.595685,0,6654.91236633249,500.426621122876,23.9657799745207,-0.279892256776745,-219.782183442421,9.77028707946282,
101,0.595035,0,6655.24403199353,499.670732582979,24.646089615928,-0.105010100859597,-219.785200756327,10.2776344455865,
102,0.57475,0,6655.43391787063,500.889323569939,24.2224925708294,-0.194430189934272,-219.697770398102,10.604972861771,
103,0.573523,0,6654.21286889097,498.391310502494,24.8934989349118,-0.36223705809563,-219.768545322864,10.0267935708429,
104,0.570177,0,6654.49865274542,500.236133048841,24.3757211018608,-0.602941128447366,-220.453056509055,9.66653989229314,
105,0.570166,0,6655.3360895497,500.226594666783,24.6458213511174,-0.0561123478365729,-220.311327675212,10.6415431749907,
106,0.56656,0,6655.51002586788,499.888653379345,24.6720003636779,-0.160130339390836,-220.448663265864,10.2039030359998,
107,0.564846,0,6655.05408016523,500.173216644684,24.0590101983313,0.755553047705394,-220.314103260048,10.1527654245465,
108,0.558993,0,6655.76072672993,500.712888545868,24.6634015746547,0.46337443283349,-219.991793322248,10.5153173514947,
109,0.557054,0,6654.22667812526,501.01093500446,24.093616450371,0.152488608125886,-220.719527857325,10.1110822671703,
110,0.551151,0,6654.91221084048,499.917472199545,24.4279733960222,-0.199141240682093,-221.07381497455,10.496294456474,
111,0.549153,0,6654.56101709729,500.750368450016,24.054367472011,-0.371712151106159,-219.883808541309,10.2864634961623,
112,0.545792,0,6655.15078562647,499.660129561565,24.4683348287781,0.407280664873978,-219.371583105385,9.14319903520673,
113,0.535172,0,6655.3646084077,500.140955702963,25.1329571412052,-0.452376460555033,-220.186669608568,10.0613100511574,
114,0.534446,0,6654.91914480146,499.507671173463,24.707749596276,0.552123729945992,-220.594972957677,10.8507524362263,
115,0.533335,0,6655.10031063486,500.429296446706,24.269108047017,-0.290819488321304,-220.145402273001,9.98701767776641,
116,0.518231,0,6655.38172371795,500.516244196032,24.3929937406558,-0.712650906968635,-220.444789938248,10.7549611257699,
117,0.517443,0,6655.66469987166,499.981163482122,23.5148136792857,-0.495968843773361,-219.615800094507,10.5396381549976,
118,0.516369,0,6655.07407727453,500.24057576634,23.9463037085628,-0.784945538710733,-220.216234649437,10.1356888245259,
119,0.5129,0,6655.34729863536,500.327278826438,24.8441260156349,-0.163909938459272,-220.015036713929,10.3954641113407,
120,0.512671,0,6654.97826130938,500.285344515961,24.347537287538,-0.464779189196016,-220.56663729123,9.51852504726065,
121,0.512555,0,6655.08843742827,500.276484098631,23.8582690772692,-0.501751708044171,-220.714754792411,10.6216647694388,
122,0.51212,0,6654.53397299163,499.947836948924,24.346442881529,0.571214096113766,-219.934755029822,10.5090527239201,
123,0.512003,0,6655.74141356523,500.196212341949,24.4608314674218,-0.759897861235138,-219.997712927741,10.4316314053333,
124,0.50769,0,6654.97554898811,500.101415405864,24.0997250971404,0.0389394635917129,-219.556080032405,10.5040091706649,
125,0.50472,0,6654.98348298819,499.93110578601,24.6223686837466,-0.612858844403903,-219.936499933126,10.41828423077,
126,0.5023,0,6655.83899914549,501.230992365596,20.6548930236079,-0.213296074304553,-219.991869705979,10.5479378919588,
127,0.494729,0,6655.95560862429,500.879758826593,24.0774954219885,0.330253411502391,-219.709639897352,9.99842770596796,
128,0.493585,0,6655.24683607227,500.681818678969,24.3592011872664,-0.521798329111718,-220.31473314557,9.31028736753881,
129,0.493255,0,6654.81022150852,499.887819033111,24.321998188376,-0.913065584725445,-220.080939430259,9.59498408483923,
130,0.491474,0,6654.71227535392,499.951304984339,23.9395798317619,0.428623943257909,-220.985496826802,10.2290420666481,
131,0.490971,0,6655.24095248344,500.344945122241,25.1598176421121,-0.504715046880961,-220.811666690662,9.9746811213266,
132,0.478625,0,6655.00597195039,499.785086287404,24.0563222801518,0.194432607160751,-219.864800239094,9.88100722605598,
133,0.477493,0,6654.34026724106,501.903432675051,24.4316204949047,-0.421968341398349,-219.642022559783,10.0934695257366,
134,0.471591,0,6655.30207033382,499.562157378211,24.3272907168941,-0.593146157054,-220.673273012988,9.83688857375695,
135,0.467175,0,6655.540294101,500.261551016576,24.3810704554789,-0.305435110764713,-220.447912093294,9.72313560003648,
136,0.466193,0,6655.12048877562,499.889203399922,23.8274771678661,0.0512440048506425,-219.762354824008,10.1294292756642,
137,0.464949,0,6654.3265438785,499.6991375913,23.9909625801797,-0.0855667137341481,-219.539293132597,10.2208831844765,
138,0.464282,0,6654.48239221905,500.63100295721,23.9925134996577,-0.195885414084483,-219.619611029767,10.5134365532512,
139,0.461726,0,6654.6588670789,500.520301204413,24.1308097006735,-0.434948116144978,-218.899421908466,9.88039598839307,
140,0.460266,0,6655.35163393372,501.121567973992,24.1650290371285,-0.29782658875613,-219.316567039105,9.81946894533992,
141,0.456266,0,6655.08223353919,499.801992166425,23.9309329659373,0.0730930366559098,-220.714577024996,9.33625699672975,
142,0.453501,0,6654.68877627935,500.294660273278,23.9301837967153,0.87977309914454,-220.740085923637,10.8624843184989,
143,0.453065,0,6656.79319139224,500.888072331669,25.1956324958325,-0.0610916595519327,-219.544654291867,10.1538088353424,
144,0.449689,0,6655.27058548262,500.481529190451,23.8464573657838,-0.434595041788898,-220.049177221226,11.3751482803576,
145,0.449178,0,6654.92158319631,500.383499784777,24.0359202725263,0.186591759409749,-220.321569047438,10.0200939909812,
146,0.447207,0,6656.76581811074,500.469232162025,23.8373442478011,0.438807311252766,-219.914377730633,9.94003680630713,
147,0.441009,0,6654.87116438172,500.17782632427,24.3453143517637,0.116147419061797,-219.996030775507,10.2163102107217,
148,0.438472,0,6654.84654123259,499.877004050439,23.4912308323872,-0.444089153827672,-220.027875074392,11.3156756340766,
149,0.436813,0,6654.64672590564,500.332165321674,23.8042379079167,0.145429621691559,-221.133072277555,9.77986380830902,
150,0.434094,0,6654.70319047399,499.341876142508,23.5130184729844,-0.382547498319125,-220.19920905033,10.0075640691989,
151,0.433081,0,6655.21078385699,499.561806853954,25.0724866464865,-0.172773230444649,-220.128714361983,9.7545143506786,
152,0.432741,0,6655.05107653936,500.487303627748,24.7486283688209,-0.757208227768911,-219.981148350895,10.3996663003869,
153,0.431134,0,6655.72032776795,500.450759456678,24.9003610003008,0.0133747188346004,-219.665227920084,10.1210140414798,
154,0.428426,0,6655.91244042304,500.138666657329,24.0688418681145,0.31274669861292,-219.83195915225,9.82694766493131,
155,0.426354,0,6655.18371748503,499.959105139806,24.4482287402902,0.564667220376877,-220.540077425538,9.82822402966291,
156,0.415294,0,6655.83417552614,498.722518750628,23.2263009229069,-0.110385048408376,-219.929991915042,9.62569881886328,
157,0.41463,0,6654.94490215789,499.346106376504,23.0593631709662,0.113998183205618,-219.899401479232,9.47120713237701,
158,0.407241,0,6655.11384697455,500.175229368763,24.4321930925234,0.62380891410625,-221.00970494789,10.0490713086663,
159,0.406475,0,6655.26903379627,500.570088563513,24.3016228199671,-0.18949223289898,-220.236985547907,10.4677681027233,
160,0.406291,0,6654.75219431982,500.444555267513,23.7642533124916,0.245562030563613,-221.114080296263,9.71285782848877,
161,0.405678,0,6657.45048406888,500.692707811259,23.1313013031905,0.382876152246935,-219.807524973718,9.95244114953615,
162,0.401647,0,6655.33588820886,500.063047217566,23.8535269879978,-0.273858174372393,-219.503374128501,10.4575854179943,
163,0.398065,0,6652.84409355316,502.519935513873,24.3597488373909,0.125414540460753,-219.678436130622,10.352700245021,
164,0.39747,0,6655.34423960062,500.254647245262,24.0786448212731,-0.454338800239543,-220.1782930497,9.54985528630245,
165,0.394471,0,6654.51028005756,500.107138984832,23.9159003389518,-0.721533067736288,-219.91624385709,10.134627229733,
166,0.393316,0,6654.83579290547,499.409583252931,24.1917226886406,0.118478033689571,-220.844555854833,10.6513888756339,
167,0.392526,0,6656.00966020851,500.400937812603,25.4686843829802,-0.0748968184861246,-219.899910702791,9.7017846896872,
168,0.390675,0,6654.27465134101,499.946341293691,23.4202255379118,-0.0395193545157117,-220.396766297695,10.7167421886128,
169,0.388987,0,6654.54091562294,500.042345296867,24.8512076476242,0.115005832018452,-220.398469660202,9.98826016094872,
170,0.388555,0,6655.660324189,499.593653178743,24.397555967477,-0.267400442717532,-219.902919233139,10.6659131868468,
171,0.38852,0,6654.97580051492,500.763701875283,23.8645430698405,0.137382209879697,-220.511436744713,10.1711628429968,
172,0.38592,0,6653.78123646412,500.188243786124,23.2206963956668,0.270705389292881,-219.962047856468,10.2195828572763,
173,0.384498,0,6653.76038370773,500.533790831386,24.5753776082776,0.331331774809276,-220.475399516675,9.86961794764785,
174,0.383761,0,6650.48655685008,499.54502307302,26.6108535355208,-0.0879584336500391,-220.123725349362,10.0397351348746,
175,0.377866,0,6655.66223709228,500.117511639362,24.2799010858749,-1.07371408250087,-220.730072397079,10.0514973703569,
176,0.36905,0,6655.63925022707,500.179451862308,24.1579520202274,0.222707793754876,-220.250858058836,9.82468614773148,
177,0.366797,0,6655.30829942824,500.186768620127,24.127750701858,0.406258987305521,-219.788284905027,10.9618360958695,
178,0.35985,0,6654.77213431173,501.924822682428,24.2871514094842,-0.203304255463651,-219.833871611637,9.51527212486926,
179,0.356823,0,6651.23652220874,498.576923065943,22.9004843297921,-0.0162977532035735,-220.212340647133,10.4915535198249,
180,0.353811,0,6654.65987060986,500.192865634686,24.2031032070211,-0.180860725331784,-219.787527642043,10.5128521086774,
181,0.352208,0,6654.42373524762,500.369660550124,24.0032165004526,-0.537933260772587,-219.444705148104,10.028868676998,
182,0.348979,0,6656.28415074398,499.530270714931,24.0728595182238,-0.207261235206805,-220.166370139438,10.8684268250018,
183,0.347412,0,6654.80924864791,500.358940138554,24.2427597819111,0.323006114363779,-220.847994811971,10.576239633205,
184,0.346229,0,6655.07635358445,500.087550070924,25.0251106418509,-0.837770319962058,-219.946853658537,9.61937230661946,
185,0.341455,0,6655.24558982495,500.216108420689,23.999729785171,0.0753867196765846,-219.215117665653,10.6009030958147,
186,0.340604,0,6655.27850750527,499.997364718829,24.1082150930479,0.565112367943415,-220.095824524579,11.2910082092414,
187,0.336521,0,6655.20928650124,500.266275187287,23.6619776783995,-0.169291605913084,-219.499325461139,9.06630324599655,
188,0.336336,0,6655.22218362107,500.195394743081,24.7809826533645,-0.0130971365366051,-220.19789045596,10.6385447101121,
189,0.334066,0,6654.77603347194,499.925569050174,23.731386966795,0.802942290253896,-220.079253126067,9.6926122742726,
190,0.333665,0,6655.28604882852,500.989740975454,24.0797960192408,0.168580758368415,-219.875427068513,10.976886216681,
191,0.333106,0,6654.75242234531,500.057167018187,24.1688392768998,0.518337389730541,-219.477333987634,10.8301526609391,
192,0.333027,0,6654.95450596378,500.024021068727,23.9721829079568,0.551255440518966,-219.142652171534,9.83577961786673,
193,0.332261,0,6654.86186550525,500.616362240778,24.2877961053483,-0.119738331200686,-219.378441461699,9.95588327772868,
194,0.330397,0,6654.86321768878,500.725116358866,24.4729885253466,0.0198464244247053,-219.157016079957,10.196857434711,
195,0.325246,0,6654.97449724528,500.138258614704,24.8261754940267,-0.777980579729496,-219.836948325727,10.7800622241412,
196,0.325242,0,6655.42099142081,499.940161342672,24.0503923591964,-0.833400674223661,-220.78847817302,10.1993541768805,
197,0.325198,0,6648.94196918297,496.624723913408,22.4588309700709,-0.0003435573212508,-219.904679068935,9.96021302014187,
198,0.325055,0,6653.96205869848,500.55566271797,23.9795751316908,-0.0397009566143173,-220.771581236098,9.70238299513748,
199,0.324167,0,6651.69071150798,507.430876585711,22.2725726042318,-0.108596226976861,-220.065828994664,10.1055432834717,
200,0.323727,0,6655.3517891412,501.376620915459,23.643358013308,-0.142707036521079,-220.044576771967,10.6926892479753,
201,0.321642,0,6654.81138372819,500.083918630566,24.2921105350718,0.428869166569297,-218.955816088447,9.87907748807681,
202,0.320169,0,6656.02315457442,500.379842455083,24.0478800247384,-0.735052936260506,-219.690583851381,10.1591126804997,
203,0.316499,0,6655.05223909828,500.225006917874,23.9866740061148,0.298283821119745,-218.74748954715,9.72563601651756,
204,0.315697,0,6655.0140013937,500.382721233922,24.1874562975592,-0.447681892753498,-220.694322365282,10.4482576086072,
205,0.314198,0,6656.92702032988,499.513973176059,21.6599646889325,-0.194085728518755,-220.429348756963,10.3237536409319,
206,0.311588,0,6650.83943523148,503.308473160313,18.5958000827999,0.048564297095233,-219.798555074417,9.89832082129588,
207,0.306517,0,6655.29837000166,499.868030385373,24.7975777050483,-1.11144067418892,-219.800367511225,10.196362165812,
208,0.302648,0,6654.07026582184,499.785062871869,24.7966060111772,0.465689967795163,-220.131856817797,10.3757060554126,
209,0.301863,0,6654.90281588569,500.883596468128,23.7776824072121,-0.377365228322133,-219.523511550443,9.35962618757964,
210,0.300256,0,6655.47704916647,500.689245110271,24.2424755602973,-0.240652145595282,-219.568299330457,9.5503170935995,
211,0.294996,0,6655.55849014876,500.151185360901,23.6060054056349,-0.504358987264453,-220.497792722012,10.3613783652021,
212,0.29475,0,6655.67640911642,501.866853926867,23.9768013532284,0.410144203409791,-220.091489516566,10.2725914062781,
213,0.291963,0,6655.08659377336,500.138670109627,25.0471338484004,0.0617370517134467,-219.695186490994,9.68377459970839,
214,0.290913,0,6655.93103465355,497.396907411961,26.3674385891125,0.246006116749875,-219.99938421649,9.92905380743536,
215,0.288203,0,6655.04775309026,500.182919688329,24.1917618678945,-0.775490979631935,-219.987650544012,10.7266952691919,
216,0.283889,0,6654.40277455215,499.818084540319,24.1531825452828,-0.404262217180133,-219.410115073222,9.83893025763986,
217,0.283139,0,6655.68440359377,500.563013817566,25.0129751260608,-0.118708223163784,-219.770565057622,9.61594940170478,
218,0.281816,0,6655.14498545473,500.79119572958,23.6812178904909,-0.23001165395981,-220.223250853881,9.88675012149981,
219,0.280987,0,6655.5165226692,500.074415406467,23.6540764169385,0.477712155900886,-219.605205245853,9.57080431694788,
220,0.280676,0,6655.69192800386,499.944870028629,24.1853441424195,-0.0255345895846159,-220.059598862046,9.63805704009954,
221,0.280547,0,6655.44900600831,500.069470259644,23.9604991022638,-0.18415238963455,-220.831316579544,9.44349391043018,
222,0.280331,0,6654.60294762088,499.976200594321,23.9343557330601,-0.283213754447022,-220.491949329421,10.6226725647353,
223,0.279196,0,6653.95643353206,500.576250147692,23.5903719647243,0.0084186639805533,-219.976944499813,9.9480790995246,
224,0.276774,0,6656.5565872497,501.171757731587,22.6554912039886,-0.0113546923321285,-220.26689027221,10.1729555960588,
225,0.275937,0,6654.93311440991,500.625719215761,23.5209801079863,-0.563120625593128,-219.941351684301,9.02843497171645,
226,0.275917,0,6655.0454225154,500.800161589968,23.7829503871742,-0.043041011771276,-219.842119215234,9.99078444014617,
227,0.275891,0,6655.15756469137,499.56911718292,24.1381537991683,-0.970510676813954,-220.287793721712,9.65487261396793,
228,0.274565,0,6654.45393937464,500.271933781035,24.3457997770577,0.0959624994569874,-219.581571975591,10.6848756837117,
229,0.270365,0,6655.77641277484,500.459883744774,23.9830028049691,0.798629927714551,-219.338159696062,10.4710307219295,
230,0.269638,0,6654.80068876953,499.967740595738,24.4208996539132,-0.320634821172256,-220.063115715002,9.45703526981131,
231,0.264786,0,6654.55119957334,499.841007482262,23.9398892183892,0.181298363649452,-220.077861305076,9.99766204954599,
232,0.261256,0,6654.94745570364,499.827276289917,24.1841512912447,-0.324477694786518,-220.357749511988,9.73403447630255,
233,0.260587,0,6652.73538847642,500.039734683073,22.8086846139973,0.0872746531179839,-220.369861340254,10.1705900053529,
234,0.259802,0,6655.0409642955,499.929837209188,24.2520032353259,-0.888122704838528,-220.111480035026,9.85877642789979,
235,0.259123,0,6655.35727650898,500.16728671379,24.1641977697968,0.288005706605733,-219.677164603062,10.0258937313451,
236,0.255723,0,6653.01703098456,498.445067801808,24.7238460173419,0.239377508711609,-220.11475732195,10.1339764945291,
237,0.255371,0,6655.38805268959,499.714776896568,24.5770998756332,-0.0114444449622217,-220.391894330342,10.3209187096589,
238,0.25374,0,6655.63539189081,501.601203009137,25.0729582081264,-0.0976459744633519,-220.207421997373,9.9323279457877,
239,0.253409,0,6654.36957261973,500.705943878798,23.9100114328262,0.361088428969206,-219.988457513995,11.0456101839077,
240,0.248493,0,6654.97648456831,500.378184941506,24.324592188623,-0.0296760915520749,-221.26957211825,10.4536646458696,
241,0.248469,0,6653.77260030643,499.818889287547,21.2838409115028,-0.123411654116007,-219.74002971654,10.6091041075175,
242,0.247462,0,6654.77397897484,500.829813922629,23.9161049978075,0.459920327962296,-219.852138379618,10.1770385349924,
243,0.247077,0,6654.96209073556,499.892841706934,24.0249483552662,-1.25277479524048,-220.629769670297,10.6213946680849,
244,0.245702,0,6656.76958055571,500.522988434838,27.0536178647206,-0.265519194694294,-220.143447312446,10.1128653699561,
245,0.244805,0,6654.20418402683,500.090919283275,24.4578896783293,-0.026652998316943,-219.549499913055,9.21049402024164,
246,0.243407,0,6654.85692716512,499.455343966854,24.0682898950777,-0.0443763401959554,-220.682607604731,9.75151869117653,
247,0.239464,0,6655.39131931104,500.899782529218,24.1847129665504,-0.9246945152588,-219.741127077983,9.71000291965033,
248,0.237983,0,6655.00867807941,499.773373423491,23.262294470374,0.190423321902493,-219.715542338091,9.4441414732908,
249,0.232899,0,6654.86585548677,499.624447569826,23.5920170845768,-0.401232636140388,-219.793402464474,9.37561354741746,
250,0.231757,0,6656.21731971835,501.219138694344,23.553567790594,0.351103956015145,-219.670201026467,10.0277458606517,
251,0.231751,0,6655.48276006223,499.605752790369,24.3284414426244,-0.584063291248204,-220.467863379698,9.78007341423471,
252,0.231373,0,6654.76995118725,500.142387454309,24.0676165452971,0.212317966627828,-218.866875393654,9.92008922889977,
253,0.228658,0,6655.81431104568,499.806410191035,25.1458810009028,-0.0887140343170814,-220.198505400072,9.80207256145453,
254,0.228501,0,6654.58376252871,499.957855664507,23.7288712187759,0.95558839481219,-219.532865975579,10.4950311901485,
255,0.228056,0,6655.94032208059,499.379659176188,24.0519933389135,0.222362408352102,-219.820308056293,10.7585944856784,
256,0.224617,0,6654.96309211747,500.298119363218,24.2384776785171,0.651694794671746,-219.644265068386,9.99564589224909,
257,0.221254,0,6654.3354730069,499.701466970813,24.7102642559839,0.0556028026623738,-220.163045479005,9.4861620634886,
258,0.218197,0,6654.02305229014,498.540824562767,24.1727355076038,0.179343747908456,-220.06371483831,9.59496842663518,
259,0.21464,0,6654.94116714541,499.678072089855,24.2111285731751,0.453828699800533,-219.529947872616,10.5302099605093,
260,0.214111,0,6654.92634792187,500.193480095022,24.0753922421832,-0.37658675845436,-219.872129339948,10.0991725175443,
261,0.213436,0,6655.26017627283,499.984404008503,24.3598087846179,0.550357462585683,-219.295628043309,10.2828726090071,
262,0.212825,0,6654.80840715012,500.484233991728,23.5251294392443,0.638005518145059,-219.533953865948,9.54426194773336,
263,0.212116,0,6656.00814823545,499.581646592093,23.7060447861257,0.209737500521469,-219.493508647832,10.6719142624063,
264,0.211023,0,6655.00213659234,501.160069961388,24.0029153122904,-0.964141898030914,-219.639848031206,10.2772390796467,
265,0.21101,0,6655.25784620632,499.827971808475,24.2245461660941,0.765552703405762,-220.690539009788,9.11837434578065,
266,0.208193,0,6655.91770653218,499.079564686279,24.6200916101662,0.246927214660345,-220.243305731364,10.0495673149274,
267,0.208182,0,6655.63074907103,500.343923461011,25.7622230291331,0.278811928680739,-219.859508853696,10.5195214980498,
268,0.206528,0,6655.44059815985,500.2190705411,24.1188485712389,0.245860988247514,-219.686977479742,8.88552366116321,
269,0.206378,0,6655.48797070061,499.845493982555,24.9426594429734,0.212226713563022,-220.659908448776,9.78529373347472,
270,0.206293,0,6653.56510916464,500.024675151169,23.2565783173334,-0.495872761853886,-220.084080583983,9.74970474297414,
271,0.206131,0,6655.02727663137,500.067188495784,24.5253813363173,0.36551931241511,-219.78375736533,9.60402032708543,
272,0.205022,0,6654.31013829189,500.265733828097,24.4591202662734,0.230332462662365,-219.994055316842,9.16298121981981,
273,0.204865,0,6655.21968339603,499.940513484113,23.6789972103972,1.05360778779742,-219.322662388266,9.72295713507978,
274,0.202783,0,6654.99869299385,499.780213985031,23.8285566976968,-1.29218515379998,-219.344241996274,9.38554597522208,
275,0.202153,0,6654.71069710037,500.029216860279,23.9249350686965,-0.153351764590282,-219.4463649698,9.69741502052792,
276,0.201916,0,6654.88386921056,500.260688632394,24.2214018755679,0.262421036806361,-220.178902219489,9.34364156628922,
277,0.200753,0,6654.64006914617,499.687071342138,24.5909042054925,-0.559733335982555,-219.887038856569,9.00109534474892,
278,0.200603,0,6654.74677897699,500.104460056716,24.5351492528767,0.107901156828066,-219.825419005042,9.76449476438748,
279,0.198859,0,6654.68179734236,500.463557996797,24.4328555682912,0.40091652944536,-220.123544296466,10.0873372922301,
280,0.198573,0,6655.18438587503,500.170201615354,24.0001126695509,-0.192395825683072,-219.500397458296,9.55583715840312,
281,0.198105,0,6653.70550059401,500.096555422054,24.4912050031665,-0.188982259835698,-220.161305190237,10.5141643085927,
282,0.195623,0,6654.7852422872,500.304043243196,24.1737296595326,-0.148669172059909,-219.428707249421,9.82244535535763,
283,0.194967,0,6655.24244649568,500.02265856042,23.9997904359648,0.1372936780548,-219.910490816573,10.4738595432974,
284,0.194371,0,6654.89344122275,500.157661045389,23.9694120975501,0.126722717116633,-219.377545126488,10.0352015784221,
285,0.193025,0,6655.14888968449,500.025944507216,24.4071194734324,0.0300535272012365,-219.205915521395,10.0033939899006,
286,0.191574,0,6654.65747429782,499.266995864118,24.3500066124859,0.777807814564487,-219.897212168667,9.50241376186054,
287,0.190065,0,6654.62356974712,500.935360412188,24.5035877404409,-0.372661087326789,-219.929337304209,9.75060740531038,
288,0.18997,0,6654.8559965725,500.16367752468,23.9837801030798,-0.946807345867001,-220.178683409042,10.9095890674109,
289,0.189367,0,6655.02636195957,500.72945436867,23.8965103011372,0.426697453067835,-220.167375674373,9.09630279237213,
290,0.187175,0,6655.65187289373,499.938206319739,24.5652366155428,-0.0659554720086849,-220.513109555325,9.38075217273467,
291,0.186932,0,6655.0857964492,500.198151160328,24.0109391939695,-0.255781835597447,-220.350969473291,9.15949053755221,
292,0.184748,0,6657.27834203475,502.536564846583,26.4677236799072,-0.0914365290798305,-220.457925374849,9.70874301117043,
293,0.184668,0,6655.42819156081,499.986575093825,23.6302610773137,0.42125270802121,-219.402284973273,10.1909755870384,
294,0.18392,0,6655.46358648888,499.65389833743,24.3926389691042,0.110712999384161,-219.803590348574,9.72315892573022,
295,0.182662,0,6654.96870307917,500.229804006338,23.6722561965924,-0.438874721929951,-219.570957168074,10.0361186554512,
296,0.181693,0,6655.15569925925,500.497869411407,24.073922797072,-0.318071894736105,-219.418748038901,9.79058263952999,
297,0.179944,0,6655.23664732419,499.815136917533,23.8497613072086,0.554896234974651,-220.206031112434,10.734068735745,
298,0.178932,0,6655.16876996407,493.619392632017,25.6588498590197,0.126401512313387,-220.124412860089,10.0434734292816,
299,0.178906,0,6655.14788921233,499.05278184783,24.9481429545629,-0.0031215496809932,-220.169539874331,9.77564856582843,
300,0.176646,0,6655.89131095985,499.951499450132,24.4524485224436,-0.113730163039998,-220.444823983189,9.52051908638338,
301,0.174387,0,6654.26848368193,501.20214576093,24.7187044301783,-0.204895086119117,-219.87632573225,10.6643855698135,
302,0.173352,0,6655.78798652152,500.124940723012,23.8592570983756,-0.0544203061971073,-219.387231271289,10.208423950855,
303,0.173233,0,6655.44606337804,500.328258512226,24.1802279842933,-0.547188306092206,-220.816427634469,11.075534232122,
304,0.171573,0,6655.43197712731,500.746230020336,23.6085466337115,0.209493435496861,-220.021036419447,10.0941005194685,
305,0.171305,0,6655.83806183206,499.468807998261,24.1772714705572,0.424976441853216,-219.844011370369,9.80091400504206,
306,0.170565,0,6655.33555563178,500.001569681947,24.0583664550668,0.17017355517788,-219.744027937829,9.62577251892316,
307,0.170144,0,6655.17401168998,499.948497664885,24.36904913143,0.38095070077115,-219.674096451582,9.63409744168927,
308,0.168024,0,6655.46009698774,499.921396991559,23.7252963697451,0.0400411399129706,-219.671558981872,10.2514495564773,
309,0.166451,0,6655.28868988261,500.273094498663,23.70580248242,-0.630374574804159,-219.452776256674,10.4061431736102,
310,0.166103,0,6654.23898909183,502.976696625949,22.9257679685062,0.236826040958023,-219.774635403448,9.8343896486139,
311,0.165931,0,6654.407212517,500.915733267466,25.2909618163813,-0.0045980089735677,-220.597804113814,10.3131138020019,
312,0.163038,0,6655.35377938289,500.188914076123,24.5445709096552,-0.400276283496186,-219.723303644255,9.30949646338051,
313,0.162783,0,6654.41751268287,499.096231626475,24.5799562997848,-0.295153578969231,-219.751347621443,9.90456695222709,
314,0.162738,0,6655.27218530115,499.87242269016,24.5121469299508,0.693266504387333,-219.923534309717,9.69738357403963,
315,0.16124,0,6655.03302447472,500.10397730397,24.33379332502,0.212970749714684,-219.853467497332,11.0286450676664,
316,0.160734,0,6655.04612445413,500.01686892644,24.0535722106387,-0.806676508299513,-220.017494723574,9.0658365858473,
317,0.160711,0,6652.88138007208,498.789177261772,24.3063505921333,0.0572801935545893,-220.402338028579,9.9117021267819,
318,0.160566,0,6655.49684591395,499.7850699365,24.2470307364381,-0.318877329626755,-219.447195218186,9.23108983412426,
319,0.160125,0,6655.43624816872,500.053394441327,23.4720578777558,-0.0176870856657142,-220.559700877162,10.0509304108696,
320,0.159927,0,6655.73255563975,500.271805389984,25.0688235671005,-0.408222378582643,-220.612821203885,10.4503011456,
321,0.159394,0,6654.97262796161,500.438798179388,24.360141248601,-0.149069058434767,-220.09530862974,9.39612848179741,
322,0.159043,0,6656.32616479116,502.696713612375,24.5518035186146,0.116531871934883,-220.440068203683,9.9559814485585,
323,0.158584,0,6654.96777454451,499.751341593565,24.2217652536352,-0.131328597025298,-219.140089328359,10.3433409960581,
324,0.158089,0,6654.82352881402,499.820636663905,24.0533734133292,-0.281480783919287,-220.529913756531,9.9717663428531,
325,0.157615,0,6655.17399195293,499.647031390112,24.5816804920889,-0.835023014706952,-219.236385112355,10.4219963047478,
326,0.156532,0,6654.88450429745,500.349947894107,25.953611502326,-0.212382980500993,-220.165027885623,9.9221909897168,
327,0.15648,0,6655.04789212718,499.46907607981,22.7660858628491,-0.639711655531609,-219.743186998859,9.93449945050534,
328,0.153918,0,6655.30753402408,500.006697969976,24.145182793271,0.544314906109951,-220.214568386515,8.98980854371982,
329,0.153439,0,6656.08424980999,499.7657331958,23.1915530262211,-0.328855876889618,-219.948919527834,10.1107250425598,
330,0.153212,0,6654.99330919675,500.241502388607,24.1039305921249,-0.080047947343352,-220.263604016501,9.47662638870367,
331,0.15285,0,6655.02388017061,499.432608960948,24.1104163870271,-0.331070689846526,-219.420065674216,10.3759533972652,
332,0.152488,0,6655.6719743365,499.44191775944,24.0593557926855,0.0109149740167846,-219.848018128663,9.6925423929517,
333,0.149861,0,6654.51601375743,500.435358350039,24.0260089139112,0.374570390777555,-219.018187425733,10.9436559144655,
334,0.148717,0,6655.55722425969,499.92765223864,24.4206752551954,-0.0634890486183859,-218.931004521329,10.1291994907983,
335,0.148365,0,6654.59065409834,499.789358300561,23.7363711118794,0.0215243306291399,-219.026751908107,10.1863802269315,
336,0.14792,0,6655.54959958669,500.167488017051,24.0032098476008,-0.297912049670197,-219.316097844152,11.1727936080094,
337,0.147727,0,6655.06303139219,500.063013595182,24.3645845916136,-0.0731340548683958,-219.303554302593,10.6900718224829,
338,0.14746,0,6655.1268219597,500.31783936213,24.0709165497216,-0.212808935613169,-219.786661494419,9.7193783612265,
339,0.147278,0,6655.26164581123,500.445234844031,23.8224251672343,-0.155089355687851,-220.18663282106,9.91201127358234,
340,0.146604,0,6655.67089943545,499.975141529093,23.8653420551285,-0.182393166016951,-219.617254649114,9.71828354881237,
341,0.145998,0,6654.32818116508,500.090836067853,24.0606720750163,0.688594682751978,-219.507331155933,9.9961207053819,
342,0.145823,0,6654.6974837204,500.377964482848,23.7013621624777,-0.229191003163061,-220.218498954905,10.1050447557776,
343,0.14434,0,6654.65481408164,500.356583579624,24.2630483811809,0.935317707975034,-220.443220201881,10.0924193281322,
344,0.144182,0,6654.65236214596,501.33842881959,22.8408730608119,0.0609726853940766,-219.504820181372,9.73725149209487,
345,0.143881,0,6654.71269436289,500.162153117362,23.966820205211,-0.981723343513808,-219.9192130127,9.83754575603713,
346,0.14357,0,6655.46127006656,500.012181468299,24.4469818087685,-0.281040288906892,-219.623178222403,9.46613520117787,
347,0.14301,0,6654.2027048831,500.46828223525,23.1343289359272,0.399580774638852,-219.947862890656,10.7681860140103,
348,0.14284,0,6655.16285944675,499.854817372681,23.1575997724577,-0.716378430403421,-219.502090533228,9.25647766197443,
349,0.142466,0,6655.2687899096,500.136157013225,24.2451605074642,-0.0403688401476189,-220.85427741744,9.18982656078204,
350,0.140913,0,6655.3025523429,499.870749314193,23.4904955755043,-0.117042276327802,-219.668690761428,9.97369456781922,
351,0.140566,0,6654.85607573444,500.25378807731,23.8992003882086,-0.165935784652165,-219.964044585936,10.8838560238249,
352,0.140418,0,6654.7776688491,499.990444652713,25.4895252238164,0.0346375878385521,-220.50948783,9.74960458940052,
353,0.139776,0,6654.89977331888,500.198376480023,23.6978106280579,0.813981253410246,-219.971715234731,9.88393112533464,
354,0.139117,0,6655.22582197954,499.615130626675,23.4114056724815,0.485136732686571,-219.640516539538,10.5749708026115,
355,0.138059,0,6654.92907717227,500.451883726402,23.8087688099983,0.141053353206298,-219.476793812436,9.39678795918486,
356,0.136529,0,6655.60330611922,501.187623217824,24.5258880160479,-0.375114120204121,-220.456983421711,9.97236604634274,
357,0.135904,0,6654.42279020037,500.280910281715,24.0029377897396,-0.647015475017964,-219.357639757924,9.95829048842605,
358,0.135503,0,6654.90886223512,500.698694537294,24.2968402847961,0.209282196589236,-219.484489327926,10.2439024156935,
359,0.135455,0,6654.75955106855,500.261637224185,24.1463986185346,0.960756596385744,-219.925099296019,9.11911294812466,
360,0.134662,0,6654.65502161262,499.911399484742,24.2098575564766,0.0444031743591131,-220.248924365114,9.99593582940435,
361,0.13465,0,6655.18309742304,500.518197377145,23.6323131853482,0.526690878230565,-219.124109988468,10.0305898080505,
362,0.134336,0,6655.23465971395,501.313440515024,23.7952005919933,0.446726429093104,-220.39885373819,9.67214828761089,
363,0.133785,0,6654.63571074283,499.994980655183,23.8844818475112,-1.01665107821882,-220.344241037298,9.65834076342767,
364,0.13314,0,6654.91831991776,500.523189255155,24.2684712816146,0.129669696148714,-220.457741940057,10.8843746867617,
365,0.132672,0,6654.74975577077,499.960758971651,23.8323924658301,0.512915025526024,-219.097407470412,9.85329606934343,
366,0.132456,0,6654.94802922206,500.107736701775,23.9698733450848,0.664669019190741,-219.508165071114,9.23975406191535,
367,0.132018,0,6656.68185597566,498.969996340493,24.5378954570589,-0.0821838543987653,-219.588627668655,10.2402774538405,
368,0.131843,0,6655.47648988989,500.94257844476,24.1266555704395,0.308308876763417,-220.263546327751,9.49899320752092,
369,0.131566,0,6655.0559545364,500.073703037471,23.9446271874283,0.924607895388762,-220.46413068244,9.75086535960972,
370,0.131141,0,6655.08233328966,500.180830586068,23.6800015968257,-0.44161791425108,-220.017225364947,9.25613435128756,
371,0.130736,0,6654.67778975549,500.010182727615,23.8802226265327,-0.0371247071194493,-220.237208326439,10.2237428700251,
372,0.129125,0,6655.28291100439,500.076220190288,24.3285306563968,0.539506770097176,-220.299787005134,9.27235986003813,
373,0.128695,0,6653.04795457036,501.681749102392,22.5561486899288,0.0667951247444831,-220.138284288152,10.2959603212104,
374,0.128,0,6655.39780748698,499.435047534677,24.0750231502914,-0.155547243775375,-220.271776071458,9.40413555627695,
375,0.127956,0,6653.99069034863,500.47140688392,24.9643998694368,0.0805764011753774,-220.218076787892,10.1625167222986,
376,0.127379,0,6654.89216611014,499.949128388777,24.3469645595276,-1.11583493853355,-220.600855254135,10.1352841947043,
377,0.126611,0,6657.5879608554,500.377641098744,22.5102449078267,0.2085091716945,-219.948730377453,9.92357520781156,
378,0.125092,0,6655.12810605358,500.431174747434,23.7729338971503,-0.154778310510811,-219.543134907337,10.006091952286,
379,0.124991,0,6654.78649841714,500.032767764442,23.4017757713558,0.245616411675949,-219.583322296232,10.0438719831957,
380,0.124293,0,6655.5684500645,498.902630098344,23.1993907903669,0.430133657430512,-219.952168620666,10.1972532130564,
381,0.122443,0,6655.12762373655,499.880630530526,23.7126936526091,0.479192287215432,-220.271784213949,9.80470728823678,
382,0.122239,0,6655.97056477947,500.467466678775,23.6825132198301,0.351432295017607,-219.763470225331,9.83744229689535,
383,0.121648,0,6655.0852315733,500.408209628505,24.1123088222009,-0.0947255515140221,-219.935954500853,9.61513017917204,
384,0.121619,0,6654.70399518367,500.270700268246,25.1608278478322,0.340629265223293,-219.433020301376,10.9337486295124,
385,0.12117,0,6654.99345290184,501.421855823047,24.6253310985597,0.0355827828635469,-220.286681318124,9.89025376101352,
386,0.120793,0,6655.09648085599,500.673571474301,23.2632731070815,0.0231645709374201,-219.392522008083,9.65322856242103,
387,0.120792,0,6656.31522883453,498.952907209196,25.4743873317717,0.0587948008503849,-219.837651775539,10.1637251211297,
388,0.120467,0,6655.70325807308,499.993794566241,24.2505615886812,0.581830333548308,-219.775233931869,10.3288835230328,
389,0.120246,0,6655.21596563241,500.303373742336,23.8135724526589,-0.447930395255378,-219.312063955024,9.26007444342414,
390,0.120223,0,6654.64201528449,499.464510007985,23.5814223890658,-0.362424412414094,-219.77912222178,10.708795600105,
391,0.120098,0,6655.31447583196,500.722746102179,24.0274134180146,0.32355060364762,-220.193768828131,9.09516421147439,
392,0.119956,0,6655.92108855593,499.596120900984,24.4740510934671,-0.0003332955123138,-220.462736183523,8.99716998829386,
393,0.119413,0,6654.66418006455,500.401367367709,23.8455536220197,1.21439093983259,-220.308933733315,10.5468976259419,
394,0.118639,0,6656.54596465036,500.119532768993,25.2423770647713,-0.0267568330085805,-220.04294069815,10.4303578326545,
395,0.117683,0,6655.51509151954,500.958873624662,24.0288788631003,0.205720785009365,-220.163110154043,10.1592828892964,
396,0.117424,0,6654.70469247749,500.322928365047,23.7636095746112,0.315445969989819,-219.538191830021,11.0254299838754,
397,0.117355,0,6654.67890853361,499.923316957968,24.0836278431374,-0.677628046566079,-220.172046950884,9.91716508955665,
398,0.115474,0,6654.86721083499,499.848106877475,24.2612913309297,0.0680770488721408,-220.005853541602,10.5101572116557,
399,0.115006,0,6654.90540882031,500.115386575815,23.2995488061047,-0.289926954553192,-219.268274363754,10.60695210027,
400,0.114952,0,6654.7301141191,500.461844849908,23.7286821910295,0.233088149251122,-220.12274259993,10.1970568506819,
401,0.114266,0,6654.89608447866,499.553063768211,25.5020046119623,0.109535684719406,-219.866356016858,9.82239824434169,
402,0.113438,0,6654.49742374561,499.266940886049,24.3657334411479,0.776463930888601,-220.423487638419,10.0113602486566,
403,0.113217,0,6654.45111976488,500.274240732252,23.828642627444,-0.0585509330706046,-220.14925801139,10.9799409176928,
404,0.112033,0,6654.39734591847,499.515798369687,21.4687544792418,0.0693366530597193,-219.36098937765,9.78421480592793,
405,0.111319,0,6655.24714899266,500.598490380815,24.7269990806913,0.0200509831958435,-220.370205219147,10.6939066082171,
406,0.109913,0,6654.94368630877,499.8909385974,25.4145328832317,0.12309672841449,-220.001646093213,9.4745013497971,
407,0.108356,0,6654.47054659437,499.502424880366,24.8805018760648,-0.142059940681873,-220.383214458831,10.1696897513233,
408,0.107071,0,6656.23496211988,493.53825005781,26.9552387976271,0.0579151611681162,-219.830602598742,10.1157947226277,
409,0.106753,0,6655.64820195206,500.972103648413,24.5034650027151,-0.165685793189372,-220.919838565952,9.83798629754422,
410,0.106716,0,6655.19654933283,499.740357763895,24.1745912233276,-0.62255091333337,-220.801564249136,10.7912028932381,
411,0.106432,0,6654.93882749971,500.053408426252,24.0117451520201,0.0905675540188904,-220.610396447832,9.93688863107697,
412,0.106367,0,6654.61701849561,500.453577122222,24.1392838764101,-0.210135991668234,-219.573902740601,9.53677372037415,
413,0.105784,0,6655.24613964286,500.087413456862,24.2565596989066,-0.0622475921816923,-220.055921030644,9.60059397738712,
414,0.105761,0,6654.54668567008,500.37522943257,23.7874935097849,-0.213818504275395,-220.484312192709,11.0100407259146,
415,0.10551,0,6655.39677805784,500.560259017122,23.5856693192528,0.222949810665096,-220.086245792989,9.92946701138012,
416,0.104092,0,6655.88618212076,501.170402827436,24.5218559272987,-0.106076130713029,-220.256462954929,10.0955661633676,
417,0.103839,0,6654.81449958724,499.411241059559,23.9332768517051,0.730447539538727,-219.599746394963,9.36569322494645,
418,0.10359,0,6656.32159292546,500.584319101274,23.9195287068087,0.454363696049962,-219.998746524332,10.1509865358925,
419,0.103333,0,6655.21468636399,500.192596322829,23.6420099195209,0.0881754705947872,-220.112692544035,10.6225447139747,
420,0.102856,0,6654.08775386145,500.861986306619,25.1957832526365,-0.438315677824598,-219.789519960795,9.34609176676909,
421,0.102398,0,6655.82195619797,500.479671495308,23.6710827850502,0.135816303298667,-219.505362716522,10.1142952805962,
422,0.101131,0,6654.92327637608,500.077362534889,23.4756730205347,0.452588578052144,-219.783529847346,10.3467845816749,
423,0.100538,0,6654.67533447212,500.588125180467,23.9450559279699,-0.329292215672641,-219.966493402742,10.104472227415,
424,0.100058,0,6655.41377174645,495.994192983564,21.9514619989909,-0.0833916468959924,-219.621406677791,10.0032569119803,
425,0.099971,0,6654.83878176991,499.815732302675,24.0514913073041,-1.4360585794728,-220.081081653004,10.230318652843,
426,0.09983,0,6655.36219427358,499.219841501499,25.0853118712393,0.544589146256611,-219.771509396168,9.95193890472557,
427,0.099825,0,6656.20650119056,499.973117892672,24.102121330528,-0.398848529230578,-219.620080038018,9.44312182426516,
428,0.099649,0,6652.94426278471,499.464230455738,24.7809621291501,-0.463916230265295,-220.167082480992,9.82551478181209,
429,0.099622,0,6654.85089668956,498.472190339002,24.2849103840266,-0.52460623728218,-220.606373600972,10.2428040806994,
430,0.099478,0,6656.7363831937,497.965972541063,19.1094060597926,0.0796135972224822,-220.23331067539,10.1436343061949,
431,0.099412,0,6655.72024876477,499.436133432402,22.917709474898,-0.367127227685973,-220.21170398057,10.2876949593983,
432,0.099034,0,6655.09059069131,499.767201934635,24.9492579672237,-0.506921784806108,-220.390253773364,9.90789314871111,
433,0.098208,0,6655.40553532029,501.745789554828,24.1392919263295,-0.0091401278494264,-219.572656204624,10.3366219792613,
434,0.09813,0,6655.32410469473,500.363203435501,24.7202776400779,0.150463742165432,-220.851799161447,9.40220917107842,
435,0.097972,0,6654.27991895113,500.520761868599,24.5579460492595,-0.210238493854887,-219.727634593321,10.2648964556691,
436,0.097669,0,6655.27171473071,499.999433248225,23.9418936275648,-0.279760699394291,-220.387496931055,10.0965480047482,
437,0.097561,0,6655.12464149321,500.021402419029,24.1222172548203,-0.728758455180736,-220.70620835006,9.31958084967713,
438,0.097392,0,6654.829723982,500.375298890204,24.0757026802898,-0.658226651378034,-219.776034159777,11.0996617677845,
439,0.096826,0,6654.79769249126,500.082208836526,24.0750335860803,0.145400477784587,-220.495457326119,9.29980926336601,
440,0.096649,0,6654.91403249772,500.339391220249,22.9222930573657,0.318559292713145,-220.374941955496,9.99235888179221,
441,0.096618,0,6654.7468417574,500.516898955916,23.9985399851348,0.171862128788089,-220.047479341709,9.04090093669962,
442,0.096283,0,6652.53922230775,500.380872245632,23.2904089246576,-0.222671553383122,-219.689451030355,9.91704397209602,
443,0.095118,0,6655.22231751424,500.14035499219,25.08039968174,-0.758100251267678,-220.222230253811,9.87781133059701,
444,0.094208,0,6651.78497275535,499.626440491807,24.8787821295886,0.229483331465763,-220.244652424607,10.0501069651396,
445,0.094124,0,6654.51853107451,500.598105248209,23.9954799805643,0.17101681658747,-219.855103536296,9.77844668558086,
446,0.093554,0,6655.48461707786,499.963491014205,24.1564232241143,0.660032114269437,-220.125867753447,9.8553975719704,
447,0.093509,0,6654.69947949083,500.729715923836,24.3641028536723,0.4195697263518,-219.599578168721,9.73054591551379,
448,0.09307,0,6655.7479353341,500.733200878018,23.4182185566314,-0.34590733630125,-220.165039260204,10.3190989838502,
449,0.091405,0,6654.54252287479,500.805515038802,23.1888094398905,-0.547489213754299,-219.986263618182,9.85243542113703,
450,0.090933,0,6654.80917200087,500.316883295088,24.1058802128933,-0.597089550843582,-219.29875094806,9.95653074294392,
451,0.090681,0,6655.31274280894,499.976011145102,23.7543379584515,-0.161554816067208,-219.579869072632,9.64566697374508,
452,0.090433,0,6654.88877670258,500.204934076097,23.9923169111438,0.0247671188099588,-220.342974411675,10.5364999356089,
453,0.089819,0,6655.31585315176,500.81696734977,24.0553955298461,1.04563876216893,-220.3922224903,10.0314500493324,
454,0.089172,0,6654.95991590404,499.739010639533,24.4396909199754,0.575540043171107,-220.383655761658,9.9192175238028,
455,0.089088,0,6654.52933577408,500.045489256203,24.4963487069882,-1.21494811614007,-220.526005115786,9.76428332127743,
456,0.088707,0,6655.09934402473,500.342450006856,24.5484047442312,1.23920331880755,-219.700402191784,9.7986209019987,
457,0.088537,0,6655.231662796,500.037717980777,23.7557686075019,0.744996554744499,-219.78674703448,10.0810374583141,
458,0.088109,0,6654.82623283842,500.508369307013,23.8560380073309,0.274085129185852,-219.945849033556,9.23495889158792,
459,0.087917,0,6655.27220528715,500.125640450545,24.3491087032371,-0.320948602859872,-219.126567926517,10.9734726582443,
460,0.087312,0,6654.82261848392,499.127419042442,23.7786282731026,0.810264354846327,-220.317147689214,9.49611846153334,
461,0.087115,0,6654.58178242668,500.197299271081,23.8580426051324,0.331169170107106,-219.693543195627,9.79709013337336,
462,0.086956,0,6655.45174547159,499.188709063591,26.3326292035848,-0.307323125675473,-220.2974678382,10.5313972911866,
463,0.086848,0,6655.85089370171,500.775315748716,24.8934065826221,0.310213244434545,-220.334969865106,10.570256568451,
464,0.086774,0,6654.34781510551,499.846169792864,23.6991677643096,0.739203015448038,-219.860315552225,10.6599706425973,
465,0.086273,0,6654.95849446335,500.019157347889,24.1317277546947,0.739382995126584,-219.752459357127,9.38497728146685,
466,0.085698,0,6655.15945732966,500.363927324104,24.5652533639154,-0.605711605696436,-219.275820771548,9.77799637863422,
467,0.084774,0,6656.5850410311,508.694183470051,19.7614100493137,0.012359503030683,-219.817685487875,10.1650298502346,
468,0.084608,0,6655.05999535829,499.92097946299,23.5916713174865,-0.465552172998255,-221.098614996278,9.93607682267171,
469,0.083965,0,6654.95882773626,499.544042319692,24.109989871657,0.0965144996319464,-219.747892440521,10.5022339219356,
470,0.08281,0,6655.66024308062,501.023874173029,23.7767094052554,0.69924153025244,-219.796442431448,9.83833338454185,
471,0.08212,0,6654.64399604645,499.715034367353,23.7138389282246,0.343458062975061,-219.864108485943,10.9809106583506,
472,0.081947,0,6654.68358554068,500.155055360175,24.193564241718,-0.222296410493624,-221.340384607827,10.4007071589561,
473,0.081238,0,6654.24587583353,499.946983863756,23.6861323034798,-0.502989679567425,-219.859550548521,10.6738037434618,
474,0.081025,0,6654.98715072351,500.595134230241,23.4952573436641,0.141882040618741,-219.760994680476,10.7344360082235,
475,0.080909,0,6654.99813403111,500.267819060198,24.5320502607819,-0.301636779796136,-219.272458555319,9.70380066836531,
476,0.080627,0,6655.43837618106,499.810558953871,24.1887673087644,0.0891321233085429,-220.038451227704,9.75249802422239,
477,0.080595,0,6655.15370924757,500.362567805795,23.6271505456473,-0.188954255924616,-220.106545291669,9.72107710234896,
478,0.080486,0,6656.46442218659,499.77615791755,24.7960515401879,0.196862033779836,-220.557281501932,10.1820372536065,
