#Mass_[Msun]	x_[pc]			y_[pc]			z_[pc]			vx_[km/s]		vy_[km/s]		vz_[km/s]
54.146949	-0.2557923938434642	-1.5560777017026159	0.0662175579780616	-0.6901169262211397	-0.1141951403359843	-0.1384692926690358
8.470084	0.2953026452801176	-0.3181609023388508	0.3607616694379922	0.1328519826368057	-0.3419708706812140	0.4568935289250237
8.009735	0.6806079388917087	-0.5113411049226310	0.1775408436441075	-0.1063161346481070	-0.2311756745332606	0.1588612559171896
5.636098	-0.8356777925872965	-0.2328759567541175	-0.6510583766597151	0.1369130416776131	0.4813981966136716	0.7966771806513708
4.483800	-0.3901104803530609	-0.0394608422112806	-0.1856754208584122	-0.4763529266315842	-0.1749307366550827	-0.3016710111080468
4.214344	-0.2560336580046671	0.0133402275401863	0.1648265785961850	1.0165962175689180	0.0651606491313287	-0.8051496315028676
3.943606	0.4620931266462555	0.2749624568121492	0.3278163734560032	0.7598213941084194	0.1713751785231435	-0.5253601272241832
3.743817	0.7556835508334073	-0.5930071214192546	-0.0398566614372292	0.0131015101012930	-0.4891371050399131	0.5618691598945615
3.560987	-0.3894697908940849	0.5150674354876789	0.2539019179821017	0.3918502769282011	-0.3827635098459548	-0.8464371084598152
3.487977	1.0315180574364582	0.3988541745988133	0.7659860262298617	0.2327831455010501	0.0851041865992526	-0.3167570105801301
3.307806	0.4855678729152480	0.2421154775174943	-0.1371864545407052	-0.7728704638516336	-0.8337634632737567	0.4544189409964670
3.182891	0.6524404513528115	0.2205860100310075	-0.4458721184061418	0.3745374764133701	0.7140202557726471	-0.7532276786615607
3.129845	-0.4500152127000219	0.2195353625621292	-0.3103586351456223	0.1540299326068459	0.5821090807755395	-0.2823008276310732
3.012846	-0.6597448836519466	0.3804611781453804	-0.2228592739723576	-0.3800206559357692	-0.1145570990329071	0.3387630109555507
2.711722	0.1728878809962562	0.5337136110689217	0.2456031035339463	0.0447607957969811	-0.3313082322938055	-0.1137826261937067
2.509791	-0.3003639450708190	0.3081659775177747	0.2941155478045675	0.0207332986481891	0.3961073253424131	0.1780549019493351
2.445427	-0.1747898459894288	2.0530515989481133	0.7268103652128060	0.3258432234754339	-0.4100962301719377	-0.5971772478465966
2.371070	-0.0188212239307035	-0.1323094696712336	0.0712332488463859	-0.5777538401774940	0.8911959253280075	0.6946546672565430
2.329507	0.3941598001615189	0.1216818899167550	0.5687041100477164	0.9774867779310613	-1.0536931465872468	0.0680447108320448
2.256809	-0.2427825790469120	1.4964086384585480	0.1350116986019719	-0.1999588244170123	-0.3685038681124350	0.3743068119110200
2.226374	0.1473527564551063	0.2033462406668890	-0.1871227022433476	0.8432743859747955	-0.7576970310267530	-0.2219335993017763
2.151388	-0.1634085341375122	1.0688717942174311	-0.3784709569978406	0.1669675842786295	0.4580700152510402	-0.1188518410488737
2.143897	0.1892791932386154	-0.1429831500230884	0.8102522160265927	-0.5310306396754413	-0.3621940102193368	0.0015434506402086
2.137229	-0.2129009217647727	0.4888707741610891	-0.1555336190787791	0.2996544075912347	0.1925992172463920	-0.0969504637324857
2.110040	1.5981387766740081	-0.6526888615021706	0.6638619044333728	0.5129733262069186	-0.0626946418361904	-0.2456775975252298
2.068070	0.7543395909357566	0.9178419373988581	-0.3581058339334524	0.4173232268410971	0.8595402945841339	0.6021072822890676
1.992393	0.1878342850698914	0.7903176694007521	-0.1450107071997054	0.2013853899701292	1.0154835384531442	0.5518182475333122
1.975001	-0.0045304496596296	-0.5566638927056673	-0.6360345472494170	0.7775157808291659	0.3688115746202089	0.1903216623343790
1.738203	0.1907813736889644	0.6134137329277924	-0.1959462758377321	-0.2325518436339274	-0.1704096175261435	0.4486256272772240
1.735476	-0.7228593770355111	-0.3479809938630414	0.9492461697659598	-0.1759907016624779	0.1419486609751498	0.0304846475896896
1.726052	-0.0602001309874127	-0.7982029107570007	-0.2141040181082333	0.4653881785602905	-0.0057810627932743	-0.0926406817000432
1.635695	0.5525393258541408	-0.7826338156847849	0.9183384415502609	-0.5546687975721744	0.3187939661440199	0.3156702514059922
1.602583	0.4863786538367539	0.4352579845990096	0.1484405179066496	-0.3584173125419141	0.6347289969031975	-0.5972810849505569
1.584295	-0.2838625754465179	0.4956068615902788	-0.3927658955789751	-0.1361456790424209	0.3004519706032714	1.2256202840302239
1.583771	0.9160817922512596	1.4738164090101420	-0.5979544464070594	0.4006075242906228	0.7078265358457537	0.0792859532116865
1.456427	1.4240316358307570	0.0126246024924883	-0.1988708829261947	0.4136261253161726	-0.3201551479686423	0.4440714600420412
1.412219	-0.4635213562069504	-0.6457254884321235	0.2831687246048054	0.5898020053883665	-0.8870135744438432	-0.1373842066035040
1.408240	-0.7621092420037383	-0.1583451322449333	-0.6277868446748642	0.5464231616374295	0.9531212870506228	-0.2447247384212828
1.384666	-0.8189283314249888	-0.5135029902036019	0.5119017997616042	-0.1225588784396391	0.2895925074517910	0.4365543535074127
1.376366	0.6584241023335203	-0.2729473779586528	0.2434444087265385	0.1410971824019301	0.1129276865952825	0.6859170858123523
1.357664	-2.6264659875860357	1.6607519236589310	-1.7951389773548185	0.2800479637807788	0.3945197903074432	0.2508532523283294
1.342349	0.1155820887026337	-0.1068319144457435	0.3056923900749444	0.2384589088375472	-0.3315136833057983	0.0169065827096628
1.339812	-0.0517632520959959	0.2513922463528175	0.2079937986006331	-0.2069143427535047	0.1821521507468181	0.4779266649592343
1.287455	-1.1064834634265195	-0.4702123286077127	-0.7092865189932375	0.6354710833438777	-0.1723253255416727	0.0400235939252479
1.272908	-0.1397687271845217	-1.2920874192792611	-0.2511960863365349	0.2574077176638664	0.4891985924056095	0.6878839341523512
1.267506	0.7052163912723484	1.4820826602346255	0.3419452534233818	0.1377236090886942	0.3373223107976816	-0.0977964556586531
1.258121	-0.8857286058399525	2.4290754341527063	-0.4692857145504289	0.1015931038024000	0.1858368059199199	0.0419419431170209
1.235098	-0.1433393207653666	0.4361846084034776	-0.1694081289970305	-0.0546135228959820	-0.7159342715650326	0.2515142907678261
1.218729	0.1993938234370024	1.3027389469475852	-0.9298511840483493	0.2096109340689706	0.1726965561243138	0.8228538644941849
1.212436	-0.5326334860940780	0.6225857570071776	0.1626586229732624	0.0131580226248764	-0.3119198528515553	-0.0568396020920625
1.210353	-0.5451414976298566	-0.2644729015464371	-0.3815786509031051	-0.6397955564486673	-0.0702311924565266	-0.6339121221866857
1.198013	0.7965761900618246	-0.2873434325282364	0.5279221830817806	0.5376016792555096	0.1875852947586963	-0.2791530451476509
1.154739	0.1855361683779214	0.8363739584341847	-0.7493323147586818	0.0432016052526246	-0.1190866520052130	0.6217648684455723
1.136488	-1.7863155503768220	0.6931925685895276	-0.3896239274901850	0.8778557106647502	-0.3448180741917483	-0.2477777461486290
1.134631	-0.0570232191757500	-0.4293694455179837	-0.1424236709341810	0.9863961875205984	-0.0000193315344390	-0.5374409807755764
1.110298	-1.6683039577032206	-0.9231662357879531	1.4599048786018975	0.3944337999138206	0.1144613451268262	-0.2665789229944327
1.107412	-0.4747923762048400	0.5062220441444590	-0.4633883199218452	0.4578443455315876	-1.1009651590082294	0.0186790649500561
1.071737	0.2220178475032202	0.2294579023467193	-0.9125952127009955	-0.3136311701943208	0.2708528466383217	0.1651333722674682
1.066408	0.2546773440236038	-0.6885040166321469	0.9788061819465420	-0.3289177708348608	-0.3257180764296819	-0.2351744297385139
1.044540	0.5498021342687416	0.6457530609367900	-0.4097717898967020	0.2321254676130514	0.3834798370996451	-0.1633833091393070
1.029544	0.0398420344769282	-0.3403236186798129	-0.5825140816377132	0.2508233299240886	-0.0929580657585570	-0.4079001420293895
1.017603	0.0914108140686964	0.5008290141806929	-0.4048211462491094	0.6773068496056405	0.2255799086486045	-0.1970770614831136
1.008609	0.0565354982382689	-0.0573022842061311	-0.6977386712654012	0.0650099484442450	0.2167138147881213	-0.0254503071762814
0.992251	0.1389444629611155	1.3073281420560350	-0.3284702728920487	-0.3390222933063469	-0.0323007458233278	-0.3851446719255921
0.967567	-0.6679912602163897	0.1130137238608163	0.1045302859417911	-0.2006989025801725	-0.3361024142869010	-0.0357121188778463
0.943592	-0.4303214117845362	-0.2464053089944144	-0.1410972978214193	-0.4223142589353762	0.6198465146095355	-0.0246079280546685
0.928787	0.5163153065958254	0.3280234410303872	-0.0812601565042027	-0.4736855891330610	-0.1511347922331961	-0.3749518975933174
0.927785	-0.2609976157772749	0.7197357321529093	-0.7918132237090367	-0.1944797394818434	0.3146519116961002	0.3983021823553252
0.926104	-0.2842529293385915	0.2755443256175460	-0.3848476605077141	-0.0962898796600980	-0.1241785948971552	1.0705621954362396
0.912323	-0.1426755954363480	0.2293431661214967	-0.0648386468752432	0.1110115353164931	0.8621507136550205	-0.6600933823833570
0.910055	0.1506436471179063	0.7385990421449499	0.0620133596713544	0.0890758200088329	0.1547745354808757	-0.3310730913663760
0.892082	0.4623313465040775	1.2509979776566327	0.8593966488704305	-0.8679619872678381	0.3299130269038014	-0.1414339785776225
0.878903	-0.5061303395216203	1.1867056743037605	0.1357435878940317	0.2717375514518622	0.7996885177976381	-0.1308885688213043
0.869373	0.2639342005704040	-0.5914362695847749	0.3802488300386371	0.6971391274218152	-0.5316313470677220	0.0944614835001198
0.844399	-1.3811894933277387	1.3132214004082079	-1.1318237324829701	0.6752188215486138	0.0173964750760282	0.6633366492371592
0.818660	0.4009970531347492	0.8943464354028802	-1.0371047226687182	0.0988203304262212	-0.1188667622328562	0.5197691048830665
0.816404	-0.6931818569089385	0.0122566864308735	0.3017496593841260	-0.4131387922749882	0.5604047561053418	-0.4232554020184243
0.813812	-0.3678660281143538	-1.2605132860224255	-0.9417306080659363	-0.1519650247861389	-0.6693367052254360	0.0540080428807451
0.797994	-0.1022044854561311	-1.0321070087167983	-0.3889704589530559	0.4468726679158785	-0.0467017536090699	0.5272577322494317
0.788791	0.0946596553017914	-0.0533301618103571	-0.5981624410172166	0.3116629565335564	1.3150189129598140	-0.0487254010519522
0.777687	0.3013217492489053	0.0155825832294911	0.1574488044027310	-0.5834488754178797	-0.0426535795270324	0.3196194646244340
0.775191	-0.6819157613864705	0.3355535910539796	0.3198729672968721	-0.3130034906408637	0.2546182182038903	0.9794619070238358
0.771309	-0.2716735578709176	0.9554657473946842	1.5394600574850636	0.4033637481159282	0.5006405680829699	-0.1470433175790164
0.770156	0.9891797047955543	-1.4720299099029699	0.1516913419388919	0.0576973532967193	0.0825317939075399	-0.2095091549248168
0.764381	0.7525123380391902	0.2611991943199681	0.4115965395190815	-0.3091800875858299	-0.4675329743771290	0.0058676369694256
0.760122	-1.8934368378561588	-1.3646208485924536	-0.2431244414604483	0.1901675908930341	0.6639351624160016	-0.3526331528427163
0.757336	-0.6200155623364710	0.9119269173495155	1.0803983106616277	0.1044477973273683	-0.4069081478697299	-0.3787120069891921
0.749828	-0.6953349150441415	0.1012187729916912	0.2052841121761396	1.1472674413728075	0.6755956857766789	-0.4349194202310770
0.749531	0.1616179511626818	-0.1700732808222622	-0.2711404619986872	-0.0824755942785059	-0.0538820665205801	0.0684557293151781
0.743701	-0.3298013100462955	0.3279299776627429	-0.2770163200898669	-0.4375988744517034	0.0451375916452144	-0.2159866591124118
0.725611	0.7900389502235732	0.4868235665259403	-0.4829519893519427	-0.1447863947398859	-0.3571707695326939	0.2617155353341616
0.724645	-0.6579151596921523	0.7694682125071794	-0.5813147022315176	0.4484468111487225	0.8613904167154540	-0.2137381677951381
0.724293	0.2165414661621817	0.4108910337712320	0.0878533973819282	-0.0540285716996207	-0.5489124117809736	0.4653869893781861
0.722270	-1.0669529585216246	0.0573345446239966	-0.3008031593094143	0.3643695852381354	-0.4331479646384149	0.8343231240383784
0.718316	-1.8656894998737621	-0.6669369566542909	-0.4792756515157450	0.0254710447086650	0.2306410506088277	-0.2530635653192857
0.709918	-0.1557215403232998	-0.7239579606193081	1.2914087738368156	0.9254605541135857	-0.3175754061905900	-0.5157648914233117
0.700627	-0.0790176797311705	0.2888265364876228	-0.1814951826382780	0.2647421030812657	0.1696524043081988	-0.0536254562166288
0.700302	0.0325667635151106	1.8346169007867521	-0.1341196683469857	0.0275117671468942	-0.0256143797934922	-0.6188474894459327
0.697199	-0.7687137531788432	6.4955369153834512	-1.5550210225017409	0.1525134032663324	0.3794597955958098	-0.1102729428063215
0.694432	0.2615865279983509	-0.5459791310711591	0.0190263343479373	0.9882720222585508	-0.3209233838433025	-0.0986596361993124
0.691436	0.9132529550060116	0.2766872010716520	-0.0381882017403617	0.1502714456566158	0.2889310818371561	0.2365701009240100
0.682687	0.1478328284470917	1.8937425488616257	0.4210484087215875	-0.0060137128143101	-0.3113256514324073	0.6015105628062902
0.677540	0.2691342330743917	-0.1093960946376159	0.3827238650278311	0.0258277858744526	0.1064342819473625	-0.6137775560923316
0.676094	-0.0076165232706952	0.1422910983977071	0.0384284715005922	0.1992737000784763	0.3248820813734953	0.5248461984740198
0.663067	-0.2382861271088899	1.1974260428088346	-0.8640522894801910	-0.1090120434243567	0.7492995216739531	-0.6120936056651133
0.655166	0.7116383858130895	0.5089332567028919	0.0219688310483813	-0.7495830151275609	-0.0785835226248694	0.5539449432190473
0.642265	-0.7910755196327363	0.3766549566926519	0.4363461313839677	-1.0534854230881099	0.4505101082820226	-0.3509557989829454
0.641294	1.0466249072687606	1.9144314012431884	3.7215196598100673	-0.3896657643042888	-0.0401968227953347	0.2078965576669715
0.637307	-0.1820142297878652	0.6648458625808640	-0.0781814039185009	0.9715800687050805	0.7391866387704625	-0.2264472909503142
0.623198	0.4071424191470733	0.5855641277961636	-0.7888129398865391	0.4089283859630640	-0.2918913642962332	0.1703484950491263
0.622110	-0.3724859480086652	0.2598265862397263	0.9944218220123603	-0.3255834881490451	0.0280990447203200	0.5013481683718730
0.617177	0.3921038580655015	0.8747016943685214	0.2259110824534578	-0.2287646593247493	0.3714493462491325	0.3116533719935728
0.617043	0.5561997254679244	0.3876588173981080	-0.0410728506938726	0.2662901153732308	0.3193751453485271	0.0942091541199932
0.614720	-1.0656572869765328	-1.1452049003846527	0.2936715171792735	0.1031906620466314	-0.2282071661748321	-0.8167936165379399
0.612936	-0.0034622893856687	0.7039296198069811	-0.1030626880765398	1.0147368626786810	-0.2226123483187308	0.6482196791328346
0.609647	0.0932754050586444	-0.1774425526721026	-0.5771602991585926	-0.7972427033088658	-0.1406441574594306	0.1869836813314938
0.596230	0.6110432827602165	0.0309227286361803	0.5223862987268866	-0.4910010536517355	0.1408115025815522	0.0223568036884890
0.595483	-0.1652562366443058	0.2731056297491076	-0.6685510347974625	0.1720465322440609	-1.1713143956982697	0.7538991932454392
0.583418	-0.8208954123529664	0.7070782202194171	-0.9971821915581242	0.0547242010185160	-0.3276109158404891	0.2892257917916745
0.583287	0.3701742783506816	-0.0325010019381362	-0.0805591245972097	0.6064441054356643	0.0428727086725488	-0.5717310031503520
0.575543	-0.2790510320726485	0.1127228029927129	-0.1594183760509418	-1.2642269586729336	-0.6657477499726957	0.0096801971917298
0.574646	0.6894362597322958	1.1118147287619218	-0.1010899188770453	-0.1773334489341475	0.4395556107134219	-0.9464903305186468
0.570975	-0.0036929460444721	0.9731102515738621	-0.8106935835963384	-0.2482575294819756	-0.2011581790045918	0.6609677075595023
0.567272	-1.0116553183085422	1.7544955269227629	0.5394639010585375	0.1089927081341511	-0.3205832058539727	-0.1550875775695787
0.563601	0.1985847780182372	0.6792444590979253	0.6341936514846149	-0.0729698334468709	-0.0729243446009511	-0.2502515070976468
0.563049	-0.2783726972402017	0.5715156588280409	-0.1295892577335829	0.5113796648917814	0.8879346517666007	0.1750493908751449
0.561441	-0.4131441945844690	0.1900165373035031	-0.4703926551825200	-0.5722962196627164	0.3978513990211679	-0.1046753025370026
0.561304	0.4915951406603723	-1.4322212793081746	0.2930270043175996	0.3954951820029900	-0.3311988863490654	0.2135801958450096
0.557563	-0.1830774089833566	-0.0489952249279181	-0.7014901670977037	-0.3711639114951755	0.3956523736183173	0.2912929797500328
0.557405	0.5007863013104641	0.2176346852175957	0.2614696166717247	0.9558585403691444	-0.5501481549933482	0.3309102398993645
0.556050	0.0032062100243535	0.2423828153823217	0.6290608114428052	0.3329510293409140	-0.4263513000973402	0.4060522327785729
0.553108	-0.4429417630742689	1.1216394812391550	-1.1925631108727872	0.6537722905636465	-0.7173362402612262	-0.4151487454357501
0.551292	-0.2130853644709965	0.9100887097087705	-0.2079426054164604	0.0662853057265022	-0.6534063628625512	-0.7051021040355285
0.550812	-0.3029997524987970	0.4181376463526519	0.5270513523429931	0.7118927450635102	0.1318968143770675	-0.1652089446618792
0.549354	0.3763977986004646	0.3367456487946410	-0.1519799001778007	0.9478655152711014	0.1266511394579965	0.6481044355448569
0.548353	0.8028285611431843	0.9917461045496208	-0.2635315505651417	-0.3747881972740095	0.1320801331333414	-0.3759134790799568
0.542925	0.6669921584537064	0.4238790412478331	0.1849710046934188	-0.3209148273554881	-0.0279112366695597	-0.0933128069375044
0.542195	-0.1627508195089164	0.5083397499644097	1.2414433403390184	-0.2576636851995109	0.6283521688221502	-0.4648588957802325
0.538431	0.1586503479417917	2.0747678753346142	-0.7403868511204752	0.4589935752911857	0.0099494853755794	-0.0725875098676640
0.536116	-0.2802534805558726	0.3893228860625114	-0.5180785255087696	0.9507270954415856	0.2237659215973705	0.6703887090229700
0.535402	-0.0427316358744542	0.8199098854768727	-0.1521968793271376	-0.2272010730423565	-0.2057341476829020	0.9444271701724428
0.534606	-0.1274222655753094	0.2302008775408615	0.0350527550224981	0.5585664102428449	0.7568888537031017	0.3224095812106598
0.531572	-0.2917125518664736	-0.3859903051727084	-0.4284621585394844	0.4358625005748906	-0.0037930321947926	0.7152580260770161
0.526871	-0.2430147935296237	1.4158503216098879	-1.2390236687838621	0.1487947736007249	0.1150713722271009	-0.5339909236958880
0.525188	0.0648681532340581	-0.2171572140670239	0.0693464381008614	0.2059322655499501	0.1784524001611605	-0.3165086059278041
0.525091	0.3339982158928519	-0.1351044909696396	0.1194964654136187	-0.5596372550212446	-0.3548477564989919	-0.3136323960578438
0.523917	1.3012430296360917	0.6214101569701633	1.1823121420732683	0.4896530404186580	-0.1438172565316488	-0.2844355259268252
0.522028	-1.8267845356592285	-3.7627901350694950	1.8767854170384317	-0.1215379137765866	0.5287615204432528	-0.2490442476132955
0.521011	-0.1031871201497969	0.2540050423894814	-0.7324499748656734	-0.0894037392943581	-0.0907435365115592	0.5581924564221054
0.517937	-1.7793117059736723	-5.0381775848401977	1.6183701482577424	-0.1583071025220008	-0.0370529088912654	0.1756912923078267
0.515483	0.3773513769569547	1.1928816220295935	0.1222147377294636	0.5669697276192696	-0.3340824190644528	0.9042720402702554
0.512652	0.7153549798594093	-0.0999960015365556	-0.5859998409497935	-0.3431460563696435	-0.1349595935697837	0.8760309775197449
0.512443	-0.3053566227167003	0.0703261050041732	0.3362240672130293	-0.3025830832674891	0.3197749468903526	-0.7227439226439804
0.506340	0.4905494596785502	0.1739550405860099	2.3644578012144297	0.1759745365407078	-0.1173255845183114	0.7472588553136507
0.503033	0.4711062202857408	0.6076528618454161	0.0897045343251699	0.7667642434589843	-0.2840661659565032	-0.1951931795808231
0.502466	0.1393865326836004	0.2918220270112653	-0.2701236140838872	0.8196626351441839	-0.8459326136908112	1.2828589165804081
0.499746	0.5411936916436503	1.6416880356052772	-0.4470028921418195	0.4197385303467685	0.3557578190388503	0.2737258941529893
0.494689	0.1942642945784015	0.1632822075656319	0.4988345507366522	1.0236235781203222	-0.1697200635956197	0.3503840968250740
0.494327	-0.0001665966773334	0.6250934927226159	-0.0852570144970351	0.6237832345642771	0.1746784146507573	-0.1403304620497197
0.493074	-0.3933097742659165	0.2120281475701295	0.6364148478205864	-0.1550872390564884	0.6578083653007484	-0.6166296441446432
0.490864	-0.7382028977939804	0.4180238591764212	0.0871511558574459	0.1790108349076855	-0.2716286366908532	0.4332141244227674
0.484794	-0.3922711524576912	1.1488699121950021	0.1467873241766931	-0.4429125374267987	-0.0095375974180938	-0.2696509444492323
0.480321	0.3099562039745571	0.8937894943241559	0.0688344089053652	0.7611306957583104	-0.3655982550904380	-0.1591475956715223
0.479007	-2.8796970879123958	0.7505390093001167	-1.5665861703467907	0.3516714060304118	-0.0630401745856668	0.4272755542754078
0.477161	1.0904497865636693	1.5611726475209848	-0.5418686840556304	0.5341354733997941	-0.1592623788369845	-0.4028945207936611
0.474524	0.0366760731817046	0.3692202093099209	1.5069593292241090	0.4093125455891511	0.1307854529650486	-0.3459198639548814
0.473930	1.2237576330183384	0.7462100384169625	0.1205728344937615	0.3336840691606180	0.2433796817199155	0.7422560251410711
0.472297	0.7876958696705497	-0.0361589273357568	0.4565323730610680	-0.0792403252336372	0.2373503047583794	-0.4014682709239368
0.469653	1.5403216760454610	2.9527510725059498	-3.8059161546388163	-0.2126198462731024	-0.0043635691729689	-0.2751440399803770
0.466422	0.5490407236926244	0.5024450687242805	-0.5815650133068145	0.2395758455303410	-0.0562342661828833	0.3416172676401497
0.461402	-0.8908513497230791	-0.2444821075409882	0.9724911844981512	0.2701014594164841	0.2674340910113719	-0.5011573894841510
0.459481	-1.1216592805760399	0.6728262394457645	-0.4902779658550419	0.0894146247148461	0.4753607836567904	-0.0218394475827246
0.457040	-0.0964340094060925	0.2399962437644726	-0.1000686783892013	0.1037647286466640	0.4239537443846352	1.1262696417099165
0.454836	0.1051750398270045	0.0536528515124044	0.2107854230675208	0.3829061268584132	0.4757864828202772	-0.2010237418516974
0.452021	-0.3443519096213527	-0.0908621556858057	-0.1190039592167698	-0.5840134770428541	0.0244057517928625	-0.3477544529680505
0.451586	0.6697885455609381	0.8441469944005962	0.9045870078737250	0.2859261346978253	-0.1419791039319525	0.0179863502292754
0.451319	0.9528263618709480	-1.2518592968699924	-0.6347684208405237	-0.1925971854390194	-0.4840700415411518	-0.1188718052413906
0.446659	1.7987737851794192	0.4236680097293082	-1.3467904916547218	-0.2299443518485322	0.5417629166063941	0.2228245224782678
0.446419	-0.4557102985569050	0.9610727824340682	-0.7209484356428014	0.1629336231319202	0.3184903572215478	-0.3252586784858551
0.445682	-0.4275699274526388	0.9894541768085453	0.0712820830242036	0.4485287434346114	0.5715871825609738	-0.7486807098563274
0.445322	-0.2264816712666407	1.1117881234330402	-0.1479956836929314	-0.6867755024723035	0.0240323080137299	-0.1617780268332273
0.444087	0.8144788361185904	0.5601535385214671	-0.2639566927631139	0.7365226317972126	0.2062584888107041	0.5726061120933947
0.441254	-0.0491248389615151	0.2242202377651600	-0.4717290041901713	0.3467035577040484	0.4889234049300897	0.5157183248346009
0.439938	-0.0369618678038791	-0.0557873308341948	-0.4493375101564603	-0.2761026989492750	-0.6581732453362761	-0.0511197849840717
0.439073	0.1353598801650411	0.7421912991289742	1.0217794201047670	0.2580217485573165	0.2550825247316970	-0.9520049425197951
0.435383	0.4802041678704450	-0.0985215310015816	-0.0587797395330279	0.0189019873668129	-0.1153775609551984	0.8555639677142476
0.433029	1.9562504938649212	-0.4418224807413574	-0.4929880543345918	-0.0674804456386625	-0.1467986279477860	0.0852092950282612
0.431607	0.4542562083889358	-0.4315506340954594	-0.1849772740071559	-0.2814434177766129	-0.2620908263933215	0.1974345727913829
0.424742	-0.5752731403578321	-0.3744833634214276	-0.2202194619623210	0.8331726882967294	0.2686959236715407	-0.8173141377344280
0.421491	-0.6437408481380423	-0.7194309400142191	-0.4386798009585510	-0.5182020623866417	-0.7542769552595096	-0.1843050798552395
0.421445	2.6569341351176083	-2.6096845929346615	-0.7664792268967474	0.3150907451189919	0.2203434971255498	-0.1254438947728574
0.418446	-1.1375873948508262	-0.2656433720593822	-0.1779384660229794	0.8293967218467156	-0.1306834000810974	0.0526389509199074
0.414078	0.3134912812385061	-2.4194416321060803	-0.2359117455433566	0.5750336157352176	-0.3541260312770762	-0.4693763921265744
0.413843	-0.1479541071831538	0.9118907677797702	0.1816421894879080	0.5132276240520395	0.4032489856863962	-0.1586858038360649
0.412663	1.0230698708528596	-0.0287070568016186	-0.0675647492043003	1.0157277127029491	-0.6978543774981641	-0.3574373317690606
0.406637	-0.1009211261833982	0.5480993682378817	0.1434833506760064	0.3939210647183247	-0.0680986760194590	0.1194089785861437
0.404579	-0.2815150513875395	0.5354538972491694	-0.3588028023775681	0.4668060342566382	0.6141088035064135	0.1006271970750683
0.402072	-1.2332775015417976	0.4693837430233979	0.7730892419746107	0.7458645159304415	-0.2987043571794269	-0.2477498100511749
0.400967	0.7207919755695805	0.7770257487332474	-0.4350263661102627	-0.4702141787741539	-0.2362312161593370	0.4598206128067526
0.398497	0.5590354789367634	0.6885481484564753	-0.3062944344487701	0.6814212401479319	0.1435780941862729	-0.3917624546457122
0.397412	0.2733406320645526	0.4892391939680558	1.0163750080341116	-0.0825950827594452	0.1873187413685069	-0.7766483528785078
0.394063	1.6044986549688733	0.8449702906406967	-0.3073080155597884	-0.2869437723325549	0.3790042533180452	-0.0832638672889128
0.392618	0.5073215671810732	0.6180779329543025	-0.9942159952956102	0.5474251301635588	-0.4433446282873794	0.2834425558680811
0.391268	0.2960067933540668	0.1592351569372163	-0.5154413410823417	0.5998612834178038	0.2893293887940621	-0.4847350885062507
0.390934	-0.2347640020379606	-0.1852240615418820	-0.3740828943540280	-0.1882874517991633	0.4470028934531505	-0.4364414844464732
0.389427	0.0074894247792966	1.0936284532753697	0.4914557898963984	0.0675017783106195	0.3457897788103892	-0.1707657075294491
0.389185	0.2048769507801001	0.3388336140120916	0.3578031610458836	0.2187546281709140	0.5094528480680869	-0.2928622433336416
0.388191	-1.4326596560830323	0.4584088915726629	0.5446145429517426	-0.1103866692310220	0.7401818263206890	-0.2446538067597404
0.387574	-0.8708959700818830	1.1329217212284213	0.3817132819449145	-1.0900198451377283	0.3579418153073300	-0.0612955054713248
0.387250	-0.1115612241279534	0.3786051693315940	0.2423614648780185	0.4390865079108224	-0.3375551272870714	0.2723414385137525
0.385623	0.1982500574330717	-0.4621759131527288	-0.5813287012999787	-0.3813854299165542	0.0495459065303948	-0.4872738481414135
0.383314	-0.2284357723713844	0.2479749978893974	-0.0000790241983932	0.4892631998788463	0.9335801850059713	1.1808269696604135
0.382617	1.8726382663736612	-0.3965693571633810	1.0212137528079990	-0.0408356424796383	-0.1573932589448891	0.6531562615163338
0.381732	0.0050939092290099	0.5739028908744007	0.3007260492327943	0.1728484214150983	0.2363652775737715	-0.7584754661659087
0.378283	-0.7383563032790824	4.1400491574325402	-2.1532698788159803	0.0846637062159523	-0.0803589823161505	0.2871565323596854
0.377223	0.0376447177454182	0.2944238747976101	-0.1979463073416051	-0.4500150290325666	0.7658872490668523	-0.1752614258248800
0.375302	-0.4834995617131091	2.8633871765765977	1.3172026106473336	0.0190971011960794	-0.1023788946056427	-0.3202313911895662
0.374714	0.3083554608801677	-0.2652423567319278	-0.1454207438612601	-1.2176689679159496	0.4559146121272112	-0.1853506916272913
0.373446	1.0168851985292593	0.1453661105319505	1.0824177612330983	-0.2054077907162189	-0.5917751689840637	-0.2549424190959373
0.372728	0.3563613220731482	1.1810102458546525	0.3590350637564630	-0.0664953517669649	0.1765180768611329	0.3936592256914386
0.372247	0.2837332848364288	-0.1434535572025176	-0.2595474288181355	0.8676623285460842	-0.1633853456053161	-0.5673598378893313
0.370976	0.2674563040869389	0.1892092009820993	0.4892234168297155	-0.4791729721505237	0.7591669038092514	-0.0377616670581035
0.369791	0.4087947431705972	-0.2765035967459199	0.3268950176313474	0.7540284924654670	-0.1740335077887171	-0.1813535803262010
0.367646	0.4641358489766992	0.4074169235484689	-0.3201735672264392	0.3407439170187634	-0.2509825122280371	-0.6309571354663399
0.365873	-0.1099999167394669	0.7588821341902910	-0.3106806776745467	0.8124694673055080	-0.8988538789964035	-0.7371358328613246
0.364914	0.1535413796536042	0.9288407088467737	0.3263136201445258	-0.2494866932066329	-0.3914685886895836	-0.2553397216930232
0.363377	-0.0345018868076378	0.5924100791798675	0.0557906848564214	0.1498505713973111	0.1021631997358957	-0.2702709251096729
0.360680	0.0476984274465903	0.7393602925767002	0.7868461223727568	-0.1922705117263152	-0.0095866533499400	-0.2185453331340625
0.360072	-1.3169033066555307	0.2911108207764157	-0.6134209991434540	0.3689732746459146	-0.0287799964777516	0.4272492710021371
0.357957	0.3610213158859887	1.0539055985527532	-0.1648298743523980	0.2121060207311443	-0.0944149165454768	0.5616054813635565
0.357295	0.3491448890451616	0.9307459458013834	0.2275992828756292	0.2824389739287563	0.8206140559737595	0.2203529243389540
0.355232	2.7528797745236964	-0.2072396927318151	-1.6358544729240279	-0.0472129120390977	-0.6826807429746825	0.1090893308225033
0.353946	0.4052240951787790	0.3698059893208874	0.5011082873215967	0.0423271800658548	-0.2166683556279632	0.3426234072503376
0.351186	0.1514307914372374	-0.7461318337417857	-0.0508114268659805	-1.1003052027285225	-0.3307967958858363	-0.1791520929480855
0.350985	7.6033432581131937	0.0882871561187194	-1.1157925878046364	0.2213729545344563	0.2561099647469987	-0.0053053182192680
0.350053	0.8877879333912061	0.7267833202352091	-0.4682998144728475	0.2547534229659629	-0.1593574579347176	-0.3477616901129144
0.349061	-0.6976459299906014	0.6981251940555477	0.0104488621782579	0.2657379626428392	-0.1663251279453918	-0.3125874806955039
0.348019	-1.1062988693402618	0.3541815583732674	1.3340069004942792	-0.3739238187915372	-0.0496893890364670	-0.0303252073729848
0.346866	-0.2496666276144852	0.5234999155650609	0.1056898311445922	1.6673869731977158	-0.2252450205510075	0.3533685586121096
0.345020	0.3471940053325600	0.6423207985406616	0.9980449331164652	-0.4949129467173448	-0.0887610147194290	0.5028685394358531
0.341367	-1.0485589851617609	0.4837126676946727	-0.5311634575875294	0.1398638005556078	-0.2318140463996787	-0.8742875059908317
0.340061	-0.3662057310043498	0.8884280743169541	0.1783049172476737	0.6803298767589503	-0.1832136568323421	-0.5278371562973323
0.339798	-0.8776128249476972	1.5496100959932937	0.8574608860282645	0.2376257192513390	-0.0007771776806925	1.0288629424883380
0.337500	-0.8982231863042216	0.4079561403247617	-0.2836069726213112	0.1299311617895531	-0.5102517440214600	0.1126919188550074
0.337290	0.3646351463806510	0.0353278805604385	0.0366129225279231	0.1150196247748730	-0.3845431272387875	-0.2229352798475986
0.335897	1.3444252079929400	-0.9132186902665731	0.0288775259291867	0.7872981752680830	0.2998282570724506	0.6598907336059043
0.334984	0.5328529936740400	0.2297364079864807	0.4097978594794920	0.9065865095189727	0.1226285509780264	0.8482473994923648
0.333689	0.2832010691416015	-0.1626423396431046	-0.4017521366229958	0.9215374052908200	0.3893633860129099	0.4597576878555261
0.330977	-0.4928931570581326	0.7650544353918283	-0.5098874214911231	-0.1426961488658448	0.1309800408035776	-0.3670558678747992
0.329679	0.4018131073823347	0.0600190180717258	-0.0727122975597435	0.3243292648407721	-0.1814914658093734	-0.7184701912338973
0.328649	1.0623961545077849	1.5521004957959408	0.9357059697099862	-0.1032166189318620	0.0665274910601555	0.3125045259108596
0.328472	0.5370009852264116	0.5118186610665771	-1.0966588710588121	-0.3436437120749987	0.5472072808047357	-0.3516159289952406
0.328039	1.1957940943017689	-0.5380932541961577	-0.0499897422289153	0.5247124464777768	-0.1060469666994372	0.0834408777831962
0.325637	0.0283327099701632	-0.0159193522963606	1.1947110628349220	-0.0743560957184083	0.2591627122057613	0.2072297271695494
0.324659	0.2385933694732324	0.2620189877355761	0.1124786969914435	0.2595374015741707	-0.0103972602265402	-0.6462633119344958
0.323825	0.5313609000967915	0.2168156211283404	-0.7164814830969662	0.3972173915325092	-0.1557953649247721	-0.0287554178793914
0.319711	-0.0298722164393293	0.4834804129174727	-0.0723504275240630	-0.5911685036316889	-1.1568441729073999	-0.2950291038621445
0.318144	0.7540943445141868	-0.1606231862432025	-0.0726585342895040	0.1792715133248551	-0.9562934860317931	-0.5841310597782456
0.317715	0.5450391551067264	0.8931058119778369	0.2377172108361954	0.4060866357492022	0.6380319729068987	0.0942153945514032
0.317598	0.5198436571219947	0.2064132442329071	-0.2138985032584074	-0.8915790050298965	0.6914719034610494	-0.2854352331566117
0.315667	-0.8758448535175054	0.4226471777834647	-0.3567766627652565	1.1714259109002945	0.3496055233817225	-0.1292182717418905
0.313545	0.5533088678642823	0.8811967002895345	0.2182133640233604	-0.1853817776491030	-0.0395329626628937	0.7005725261040990
0.312946	-1.2198367986224119	-1.3955911200909703	-0.4320077428346132	-0.3678281865750811	0.0307311250706139	-0.3931097381584443
0.312844	0.2847855192882992	-0.1941204017456872	-0.4019766392979322	0.5549464106064474	0.7008717011044311	-0.0420948038492282
0.310759	-0.0469835997233479	0.1958430766976567	-0.1258337144881067	0.2880947830052342	-0.5730173197042950	-1.0018857365404943
0.309576	0.0912285784032240	0.3186995318780205	0.4058584979177559	0.3985212989785353	-0.0339531753219736	0.8038844528090650
0.309000	0.0722874714540973	1.7517852513535741	0.1286166301848915	-0.0999282440323916	0.6312227835943169	-0.2543648223531776
0.307430	-1.5666344361580988	0.3052589912552774	-0.3203675448682765	0.3361213962515407	0.2034259702491094	-0.1579310084664405
0.305653	2.0805202140697112	0.8365884276913803	1.2854041145210917	0.7577921807534764	0.2542629348302018	0.1332930467373811
0.305277	1.1422214895091789	-1.2260640046020839	1.4984653445654541	-0.5835281869629411	-0.0642224880407045	0.1271198152057234
0.304916	1.0342982995224008	1.1518200218449950	-0.2456120860624141	-0.2132343701751161	0.0253406271524931	0.3164175452928689
0.303750	-0.0638579010350656	0.3781281389067364	0.3732884750087712	-0.3822207118257021	0.1751406179322252	0.3889680156098485
0.302819	-0.0750204953946003	0.0045124990168539	-0.4142408608773516	-0.1980792827667630	-0.5501744455514586	0.0122132262910021
0.302505	0.3251883606140034	-0.0629828921549075	0.2253438430932112	0.2956167304688307	0.1928087024760303	-0.1108178310284883
0.301358	-1.5273303246741750	-1.7397959589163305	0.2078440838743780	0.1905775360958175	-0.2262231993416476	-0.0473321001482903
0.299008	0.3326412143502115	1.3039954108018634	1.4006935525084696	0.4612865486246532	-0.1849110432180991	0.0822283005003380
0.298467	0.8206166606769336	0.2238615997324440	-0.7125252976560822	-0.1622029588622914	-0.1025050103522825	1.0274056778412164
0.292591	-0.8380703935247688	0.6853273826109387	0.0314424093257911	-0.2454736366385940	-0.2901559146136178	0.4853714532280780
0.289314	1.4847541568104408	0.3932137188162734	-1.1413567908777791	0.6029894009299207	0.4612982326391341	-0.4265951668995111
0.287946	0.6243994843030231	1.2021431537563512	0.1895106745471480	-0.2746841014114762	-0.3158926516367520	0.3154067577627837
0.287132	-0.4062973788134088	0.5272862934582353	0.1850654832043425	0.4313651209557244	-0.4374625008105216	0.2122724878735859
0.287092	0.4589439370640125	0.2645797484452147	-0.0119058397248042	0.5429427890424542	0.0332131694250924	0.5295306569397538
0.284096	0.1017479813468681	0.9944866967833331	-0.5479607857751810	0.6559449088267966	0.0026679567347522	0.5127464992607124
0.281836	0.4272003759569235	0.0218733615795624	-0.3842968265531684	0.0326196628554289	0.8199086802884075	0.2745954123553954
0.281284	-1.0349041251868842	-0.6030556874379798	1.2615153412265043	0.1087544150729066	-0.0192785464186147	0.1627989979073177
0.279179	1.6522929123097223	2.0238492370408023	-0.4058267961634833	-0.2923972734551916	-0.1119264263595355	-0.1428543520925923
0.277528	0.2641480137263234	0.2028878089247290	-0.7558204460629566	0.6874275469768625	-0.3989366616644590	-0.1419927211283027
0.276168	-0.2421675810938829	-0.9346952442148937	-0.3523274933322624	0.7098300817139052	0.9800466218359191	0.1386293391633639
0.275867	-0.4053105043508818	0.5427596892956659	-0.0886390001366330	-0.4988085573663137	0.7406266893603572	-0.0090964830407813
0.274084	0.3399717194717938	0.6521162879989223	-0.3774611539523129	0.3474792222761658	-0.1884359477790741	-0.4718039955149731
0.274082	0.7205939676732804	1.7627795101890544	-1.3590436587508283	0.7349147241017419	0.0377568778505766	0.2405408122578850
0.273290	-1.9898597966540044	1.0103297027517477	1.8566912065802861	-0.0673490657355670	-0.0087375953682023	-0.0664019604122288
0.271906	-0.1537774103005526	0.1212954777886801	0.1050033633406144	-0.2772089909877930	0.9883618365062444	-0.8444186346345817
0.271181	-0.1417699662051922	1.2100227828318197	0.1339828685524397	0.8105781466128668	-0.5856287368349128	-0.6509937617829968
0.270767	1.0614106107631418	-0.0442347529575285	-0.3112079396890752	0.4122177070979673	-0.2271432435776423	-0.7726206705211136
0.268285	0.5717605051659356	0.2195694206576894	-0.3879549609507542	0.3036515755095495	1.2502183986675663	0.7954466724984661
0.268282	-1.7898572508391555	0.7915935179071959	-0.1681129228412465	0.2003375626526057	0.4733223743640153	0.4499685369377300
0.266957	0.1112381717596297	0.1218831649346962	-1.2089794090563315	0.8203864336247597	0.7710767366151564	0.2545009893596374
0.266492	0.1389611298054382	1.1881691105558900	0.0984805679893180	0.0668717834080235	0.4913502820131356	0.3898592310928535
0.266306	-0.0561886588276035	0.5274526654840290	0.4851649542177087	-0.3282270419488357	-0.1774447997604019	0.4400992416119520
0.266186	-0.3532523812557351	-0.2454349718157406	0.0543866618189474	0.3564839032739811	-0.7199582933354183	0.4322816797297422
0.264986	0.3662328753834536	0.8731228593951096	0.3476893051953739	0.9629828038683164	-0.2195959934006708	0.0444225276588273
0.264795	-0.3835858690468309	0.9263824996575155	0.9277241574950909	0.8344027528312198	0.2287755786272235	0.0227226801291213
0.264473	1.1700926299075645	-1.2744990765805611	0.8976527427522769	-0.5313738707101978	-0.1278638138471247	0.1668769473149958
0.263409	0.5559712636446994	0.1647506875869120	-1.4888827722783973	0.1679634231606673	-0.4949199149949911	0.1600923883031032
0.262414	-0.6809068207235809	0.1879064343217046	-0.0234098684357220	0.2659438451058599	-0.1972426267579231	-0.0510407382111280
0.260904	0.0820070204898972	0.7272585782554096	-0.2026862010951043	-0.0220339252568055	-0.1296102391323134	-0.6802721258098486
0.260155	-0.7512603039560155	0.7791903540650682	0.7356019703726823	-0.4500432659409541	-0.1996032587208868	0.2486289764157957
0.258946	-1.2414794628752892	-0.3746343143833065	0.2418646435963490	-0.2981252052952545	0.4117276166136398	-0.1286139175251231
0.258668	-0.1901803816080880	0.0689886380700195	-0.3431877660744552	-0.0146649506187426	0.2099204570120804	0.7984985238305009
0.257540	-0.1921408380118423	0.0026329231564679	0.0241930452434370	-0.7961559503903534	0.6005548342614998	-0.2050442035956074
0.256483	0.5816974255548840	1.0199902987949907	-0.3848054960415823	0.3436244514210056	-0.3548858493190387	0.7948772826422591
0.255084	0.0109694157278693	0.6488845447552153	0.4095590576291830	-0.4129528262598600	-0.5329185256796342	-0.5857072007679971
0.253173	0.5590950021114517	-0.0846438111095472	0.3853990085837759	-0.0341140676075167	-0.9425647668234630	-0.0174261183459472
0.252860	-0.5627054879439916	1.1346767256599017	0.5331601133237991	0.2097336408069359	-0.7050954277258373	-0.3037037947682538
0.252546	0.2865690736220094	0.7107214695805788	-0.1369015474842003	0.2201941945783533	0.0824323777433011	0.0372478659905126
0.251596	0.5039286522682889	0.5008653716447996	0.3898419135384124	-0.1128768172274507	-0.4119402200896459	-0.3178937818378564
0.249776	-0.4431167544487881	0.5099206461235337	0.1511090107295633	-0.2398270037374410	-0.9822733099467450	-1.0397195877796834
0.249436	-0.4080623907955443	-0.5671356807715920	-0.3057833168693502	-0.0847218015709787	0.8818076374904791	-0.8052302190969023
0.248407	0.3557602814782752	0.5256758270393926	-0.1729818063837268	0.4023688075456901	0.5753669423952318	-0.3242819722523362
0.246131	0.3042991012710548	0.7456462272198765	-1.4006112102879187	0.2561598225074900	0.1565275570273874	-0.0696990164397854
0.245817	0.0696289470500117	1.7173102561166953	0.6324906399489607	-0.1523986210734827	-0.8083568451394771	0.2950750559302168
0.245678	0.5283663668818419	0.2529089829195264	-0.4677003818670600	-0.0288235514404441	0.2190411797199432	0.2487045716165193
0.245086	-0.4290112150414439	0.4096452479178881	-0.1279240611881258	-0.3894529528218889	0.1828383981221623	-0.3328451033639525
0.242803	-0.4629260917467204	0.7234955257522975	-1.4286282934438954	0.4976951156306237	-0.0531122987328121	0.0981954640930165
0.240994	-0.4744978838912024	-0.3023980991391520	0.0920836516358755	0.1547395277279643	0.1442463819287704	-0.3218295451983368
0.240972	0.9761819532942269	-0.1402399122378423	-3.6503141573016284	0.1447144843316934	-0.0045887519985067	0.3361629500428480
0.240710	0.4621455191211042	1.1599201953289924	0.0730699431365795	-0.2506625783348037	0.5064443060585125	0.2443002470708803
0.238305	-0.1332804985763256	-0.0040010110095103	-0.8221588052131076	0.4149784561658251	-0.9853907209813181	0.1598582924285651
0.237690	0.2623461949559697	-0.0990282608231654	-0.0948214216274708	0.2047817381957082	-0.2682526546795423	-0.1845715484098421
0.234489	0.2206213807016320	0.1523623399997138	-0.5012330395866316	-0.0790681236098243	0.5691302445414403	0.3528283549995095
0.234165	-1.2170944591217245	0.6571304825129864	0.1436027744935257	0.3530914534912498	0.2419675294282654	-0.3254109485234813
0.233124	-0.1031033614980516	0.5785109369998721	0.0154306176654621	0.1862105087512606	1.2741672963708968	-0.6016153920417399
0.231658	-0.4476435613521864	1.4109767524794792	-0.8682838938860529	-0.1239643642342054	-0.3376314579768218	-0.5764395082893695
0.229912	-0.4898810955039349	-0.7189203311804454	0.0055305967864028	-0.6071389734883686	0.6419154887177896	-0.4573482194930391
0.229891	-0.1605395455211347	0.7898925951669241	-0.2939549265761461	-0.0648548200632234	0.7037194885037960	-0.4381611762377405
0.228694	0.2034385527860418	-0.2942011842057584	-1.0269895335689170	0.3822498563694626	-0.3878913691509845	-0.3190136763104079
0.227436	0.8433341004925602	1.1297846395931863	1.8699648864650611	0.2435060036922433	0.3931662395517763	0.3201023296774072
0.227326	0.5969214089497376	-0.1036128110446508	-0.4112629760926385	0.4146669111745991	0.2050250187506695	-0.1472319027789993
0.224841	-0.8713804294430006	2.1533542595455115	-1.6112162627389939	0.0582882689476267	0.0288990676556717	-0.5086842954999946
0.224452	-1.5644307750041828	-0.0269167688775624	-0.7097259697499488	-0.5023977041336561	-0.4219657967961090	0.3824627495379856
0.222923	-0.4176097063402007	0.3189644896918585	-1.0495708992081541	0.3888188129745826	-0.5027848822768878	0.0035269632295272
0.222711	0.4030821168845607	0.5899456493848959	-0.1222920356691619	-0.0695476002813256	0.4377294778277962	0.1690604150479562
0.222393	0.3193174401009090	0.8822818053101141	-0.5847952514501247	0.4256016152137536	1.0811338001216617	0.0163246461952778
0.221998	-1.0367409066388851	1.1118033681628878	-0.9798285535874445	-0.1665337823519377	0.3125900316167841	0.1419971489371542
0.220912	1.4471060610065125	0.6977820054403161	-0.3853126360029911	0.1347767369199901	-0.0203503026083179	0.0880492453058735
0.220897	-0.5253186141641171	-0.7490509461536321	0.0193964240367015	1.0861986361405620	0.4264368976317451	0.3882507019283451
0.220698	-0.0760767701080781	0.4942630448026577	-0.5687241382221612	0.5512125520935077	0.1389332011745577	-0.4223759471258655
0.220157	0.0646296270892171	0.2350262665165270	-0.2918658246723784	0.5086188059644260	-0.8965560423337123	0.1592832332525436
0.219957	0.5041519146779023	-0.1866903511311923	-0.5525313837984639	-0.4265057797123560	-0.7406417673127581	0.2884375151977255
0.219363	-0.0527488136398023	1.9805317539800764	-0.7908335396537898	0.0314602242524389	-0.2928226855078692	0.1430330887270396
0.218778	-1.0865533102027127	0.4068468740966714	1.0407542027358125	0.1096614248139697	0.0862848637612257	-0.0456585066394933
0.217581	0.8772597947055741	0.3854442582809561	-0.3260224434415672	0.0915113645132026	0.8334684651398404	0.7649971894106440
0.216933	-0.4803436253577429	-0.5125154267098254	0.6327074836583672	-0.2645995017981269	-0.6152850046830719	0.1925126916824814
0.215244	-0.2690111971827641	0.8406396320215469	0.0504274369497512	0.1639243497405073	0.3123507162202885	-0.9726846980049066
0.214624	-1.2044249279852459	1.7230194395912402	2.1889337941143236	0.1294285028831102	-0.0346749910530133	0.1861967237552444
0.213071	0.5904422151688296	0.7866700940809959	-0.4827811543478079	-0.0727838050302891	-0.2113876102823049	-1.0080818488766898
0.211805	-0.2106716347197087	0.7407904916904553	0.1285781270066842	0.1191595900885216	-0.0044736682049423	-0.1220532338997204
0.208620	-0.0751022901980683	-0.0039274697900222	0.0050152747707647	-0.3979363831646738	-0.0252048550090844	-0.3985644939344135
0.207967	-0.1754465422478453	0.8116401104540205	-0.2698911794159811	-0.1675763207361254	1.1403665174457243	-0.4054556991974266
0.207657	-0.3000428748375447	0.7365413879358647	0.1555502448523067	0.9094741536625227	0.2574261433029556	0.6114394219527894
0.206378	0.9282859569366462	0.4152284461623036	-0.1824601187732760	0.6556374585919527	0.2580454305614037	0.1280652814095808
0.205209	-0.7485189239355781	-1.0443378276415218	-1.7392049905722418	-0.3372636335839969	0.1503896921221246	0.1265660247326163
0.204913	0.1956514937075465	0.4731809024644363	-0.4898081194023772	0.3558584496240543	-0.2348581714915760	0.2141880080596849
0.203657	-0.5667458082885770	0.3861626269501434	-0.2509327691795968	0.7255503511141489	-0.2307056559485492	-0.7984988530927017
0.201328	-0.6614784182650608	0.7393655123217167	0.0986793680785183	-0.4194070026449910	-0.0905892199406927	-0.0020118476811503
0.201180	0.4192436138250984	1.4691727683091775	0.3122942932675979	-0.1717169298874401	0.3015881281585638	0.2076817527263901
0.200093	-0.1870023008608161	0.0836001517384399	-1.0252228970440549	-0.3640130136931656	0.5353875436123260	0.4748290281871739
0.199859	-1.0807759212595842	0.3838248185918271	-0.1126364106934239	-0.3075742343133489	-0.8035874970338475	-0.0800288945677525
0.198933	0.4749371722143604	-0.1106885452234299	-0.8838392591838555	0.4027344870919393	0.5564297968693677	0.6119325964717229
0.198928	-0.0607418116349324	0.4636842117249651	0.1594281475430750	0.3069889679329416	-0.7584582612982930	0.2890076023469704
0.196947	-0.0270572613092008	2.4774924175705162	1.6496203256535458	0.0664701180138705	-0.3078851289044787	-0.1890038049474046
0.196444	0.7585744382097962	-0.2908795277190835	-1.2789846327788144	-0.0725509096268557	-0.0823940531394589	0.0499965273869218
0.193987	-0.6070988729986254	0.7369963902139038	-0.4339037743729595	0.0305407831225180	0.0371872892624943	0.4480940799926471
0.192868	0.1639948332090223	0.5618018073896710	-0.1969268936721665	-0.3436677601597480	-0.4045612412978780	0.4314631867525875
0.192749	1.4776249482294972	-0.1796169975681829	-1.0114903464843039	0.2142180656240844	0.4014656418924728	0.1839240187035801
0.192382	0.4056305405084757	0.3399107343439979	1.0629814938714011	0.4015805237897327	-0.5669203953294447	-0.8088677584074324
0.191791	0.0976819369057542	0.1568356153927894	0.0932071028643084	0.7237372671866172	0.5888128370027841	-0.2292968864761675
0.190040	0.2019987538699261	0.2157347180794076	-0.5719968327213104	0.2686065651006820	0.1084926855052738	1.4093866066569321
0.188862	-0.0642967712371193	0.2662378880859832	-0.4069873647175914	-0.4350077921659215	-0.2532291140894805	-1.0471408235020452
0.187545	2.0064295207434841	0.8566431533144552	0.3494642939496037	-0.2938871524100177	-0.7653225654385106	0.2092626406695381
0.187018	1.0932192930710660	-1.2482833330438841	-1.9027478770452593	-0.0724781848157980	-0.3543719204526474	-0.1900583340098931
0.185045	-0.2865733496487032	0.6867648463360184	-0.4662400755074848	-0.7582801094243343	-0.7453785160634412	0.1117472545050137
0.184036	-0.7214561525395800	-0.4107560073003555	-0.6121673128872068	-0.3856106224261544	-0.9252485771422202	0.0277394133826154
0.183382	0.3468820487861510	0.3482220893022479	-0.0009904648561917	0.4663763646304190	0.6015086116476620	-0.4699592499897757
0.181405	0.0781709017456330	-0.1017829594454893	1.1107905886294305	-0.5607242263252598	0.2286111613747634	0.4225477442582186
0.180848	-0.0762744097855018	0.7883548815347472	1.1241680495174242	-0.2266538708473890	0.4079845293364711	0.2888448386060661
0.179636	-0.1032196066132581	0.6708800090581103	-0.1574740179027716	0.3404079971445165	-0.2348377753318339	-0.2566342255406907
0.179627	0.4032246810407909	0.7068382275662458	1.3015175162611026	0.1988322285016446	0.3272187646985674	-0.2094506070262038
0.179340	0.4492658262393065	0.3349121438924484	-0.3813927024765505	0.7770377254831948	-0.1114758081388004	-0.8848717066377867
0.179278	-0.4015117714988424	0.5211941337275718	0.8430781130230797	0.7332130527884068	0.1529481840473655	-0.8706956988847526
0.178914	0.0817683237797710	0.2519054905199997	-1.3484312375762901	0.1929791328321699	-0.6465544326741960	0.2764595890541652
0.178151	0.7154369021532031	0.6683048301877154	0.4971365868999089	0.3640419138649469	0.0829209297178126	-0.0025049028005148
0.177948	-0.0961379049214517	0.4332335411681630	-0.0162439266207551	0.3139596069955456	-0.3837325259641492	0.3901240797995020
0.176307	0.8120759263070414	-0.5524191357149406	0.1557747001845637	-0.4830404874967597	-0.0357998228525868	0.1922384191341805
0.175109	-0.0966520187028524	1.0103612334165826	-0.0843680197109554	-0.1628691080764361	-0.0627983310253953	0.0978204463611893
0.174979	0.4434870564408104	1.6845959808755215	0.4252359635195170	-0.0542781822333406	-0.3503860343942334	-0.5810875507433906
0.174920	0.0153112548514124	0.2983065081463210	0.9606013554430641	0.7268533234303242	0.9235486961962235	-0.1014892215290011
0.174540	-0.6314299802279513	1.1402227136286001	2.4977612683658919	-0.0626713117479835	0.0913143823295445	0.0976180139200698
0.171352	0.1683524967314879	-0.8262660677783712	-0.2100277320873637	-0.1171987148575069	0.6838678792631194	-0.4130170882842764
0.170571	0.2036081157638057	0.6314644889789396	0.7132155418569774	0.6706729782097225	0.2345298516995259	-0.2344477559549621
0.170105	0.4268931896367071	1.6086850519595379	0.1951864151326693	-0.0130939300108352	-0.8213720943483988	-0.1477756991506585
0.169672	0.3080211690031499	-0.2378451915042045	-0.2085182965136619	-0.9699125631738934	-0.4802757402223258	0.0524534214501122
0.168635	-0.7317381273218627	1.3193609597192768	-0.4410822168032703	-0.3477633323990041	-0.1249372125576984	-0.1172939532193611
0.168558	-0.0108980746617812	0.1837016545322533	-0.6872187695129384	-0.3392080306709600	-0.0866898875074565	0.8771305358438095
0.167212	-0.2123422489596187	-0.1552767813542437	-1.2387655475469450	0.4042045793816449	-0.2689022506843534	-0.3754866660833257
0.166444	-0.6980191999013852	-0.8118818762201138	0.7282962053806405	0.5592974756527408	-0.1823436468686280	-0.2268455377002154
0.166189	-0.5712329003991857	0.8386545934024778	0.1066069302917927	-0.4824170195886978	0.1039313727089142	0.0093560432497946
0.165693	0.1440500222478684	0.8125258679429930	0.7743473819903972	1.0736801667338944	0.1340675866856995	-0.0181254783681451
0.164989	0.0126070243810020	0.5052198833418130	-0.3829167867064486	1.0984077213353343	0.0156963800159699	0.3915455446547653
0.164489	0.8490817459972656	0.6369320952592065	-0.5025935646244577	-0.6118388127180715	0.1128376839577313	0.4303031451298470
0.164374	-0.0630613017163039	0.8844590912387742	0.5560019454722325	0.2535531656940326	0.4190346470650372	-0.6918060709900915
0.164086	0.5840459088765360	0.4572961858027082	-0.0024559891022898	0.8277582045550065	0.4382070750476972	0.2309487657816890
0.163938	-0.0606433295824091	-0.2184282489864840	-0.1570606443278388	0.8066937811178245	0.6214807188107921	-0.6587334797967861
0.163829	0.1393644771191144	0.4219671813171634	0.2822533287979084	0.3725195826305782	0.8265094066299555	-0.7225628761753057
0.163264	-1.2237696842121526	1.6270149475134708	-1.2495231173560233	-0.0663196003800120	0.2153188028005834	-0.2414384803074600
0.162178	-0.0477079319910679	0.9122034221342677	0.5607687357444261	-0.2053637582825618	-0.1643231690809044	-0.9083000837733518
0.161149	-0.0207267391043348	0.5396069253012523	0.0799585785923298	-0.3641749560014559	-0.3409716385762442	0.3307728423162498
0.159718	0.3981025941828236	2.0971410428387758	-1.0186579161136307	0.0444039915842756	0.1978543537202432	0.3449611495403810
0.159606	-0.8532466906440102	1.0733372657874796	-0.2556253467039190	0.1651412393003350	-0.1629129588135222	-0.1759382317244512
0.159451	0.8796753364492813	-1.2837589506727429	-0.1463156966405011	-0.1632526987499555	-0.3197951786596813	0.1338401536673841
0.159303	0.6400134146657217	3.1285864538926083	-0.8437608253506482	0.2202736412284353	0.6510830777909017	0.3956186384956721
0.159151	1.8146301010236479	-2.0556525544484381	0.2896178478824011	-0.0466677076389778	0.1966978303504764	-0.0196413453443910
0.153844	-0.3684850224021500	2.7193359059025886	1.5643376290327291	0.0184591771832544	-0.3582738870504117	-0.5814764771137592
0.153478	0.6645570143295244	0.8750323014021112	-0.5241106980373600	0.8190215260905530	-0.8930691911579530	0.4456418345498780
0.152515	-0.0341632469025367	0.5108568004370090	0.6621068546537514	-0.6374838527184100	-0.4869538953045031	0.3172188872583058
0.151491	-0.0866364140395536	-0.1075010409476796	0.5591987229929838	-0.2062379025293546	-0.0506167143846806	-0.3369819295803581
0.147117	0.3490695752082851	-0.0119628581781446	-0.7455027783406952	-0.5536291324690922	-0.3203304190068386	0.3590592160051678
0.146741	-0.3030240600693260	0.6869788967127634	0.1005954457465045	-0.0030110054358261	0.3840840582729316	-0.8130754429801459
0.145823	0.2736815089047228	0.2109945355549356	-0.1220536647521750	0.0816036754673044	1.0823728387653304	0.6278421706465989
0.145264	-0.2756409938288015	0.2914808489818991	0.2844983035493059	-0.1435905587209432	1.4369215248989762	0.0954857628905841
0.144745	-1.6777154451942919	-0.1158249825155711	0.1204410299673031	0.1834118075649535	0.1174183864284037	-0.3024744318372990
0.144443	0.0907420675607667	0.6865132697803248	-0.1738316970059322	0.7255904730573005	-0.2739973717373191	-0.0020931553447051
0.144347	0.0899377263645603	0.9234353670499998	0.0061230545996353	-0.9593393306749347	-0.3413154251300594	0.1908475425915478
0.144193	0.1619904814726710	0.2752033394738220	0.2284688775853154	0.6958767785996047	0.3827410192802744	-0.8777740170840261
0.144098	0.0719271603836162	0.3549185801965972	-0.7742515168857954	0.0156577271363070	0.5497178219319077	0.2535700090630986
0.143883	-0.5886138215011761	2.2326952107591942	0.0130856815758259	-0.0201403712780326	-0.0751098625436451	0.0862131140452614
0.143854	0.2437575951472607	0.3829920703093496	0.3456773521204622	0.1671140167180905	0.1574986455115949	-1.0589924912053974
0.143778	0.2664791570383994	0.1845229601276178	0.0283560437236906	0.6015904277387478	-0.8204444178061944	0.2804061442951359
0.143580	0.2024715553713483	1.2540997037526425	0.0574536776616703	-0.0729847133481877	0.8944840330464677	0.7816225666772119
0.142819	-0.3301980264841050	0.3509342185025812	0.2490558025542416	-0.8246661961692872	0.3962802073110636	0.3444303050272951
0.142751	-0.4312907510923031	0.5699968864880508	0.2336581568314756	-0.1804518123216443	0.8205541481391171	0.3255350010724071
0.142660	-0.1854081172868096	0.8441066407696366	0.2208120143004170	0.2475073246910598	-0.3501340196653270	-0.3022676275398695
0.142464	0.8202220903432420	-1.9104362378016109	0.3962197558920461	0.1938192959663232	0.4638707508248294	-0.0245944672255188
0.142140	0.6550022102197443	0.4340602253353821	0.0349307473831587	0.3664666352565345	0.5607554438950716	0.2321509543963295
0.141483	-0.0954541323031653	0.8853185271378399	0.2946152540242840	0.5388744682508736	-0.9383075726502547	-0.3561448242489254
0.140963	-0.1513636110987382	0.7758203209122418	0.1984441494929557	0.7194639111276606	-0.3173927586032014	-0.0353228352094695
0.140960	1.2472092098309371	0.4548153301387952	0.8798715552023700	0.4694055664962050	-0.0610755160023030	0.8641181099107791
0.140925	0.8653715233276122	0.4947276199351461	0.3721764669525707	0.0566551104524981	-0.1672842598997398	-0.5090669120040661
0.140855	-1.4985089024020202	1.0195256639592463	-0.8833225780010591	0.0018900064952937	0.7130634196128792	-0.4810113110690395
0.139579	7.9619389044017996	0.9076814278598131	-1.1616344481324461	0.3669993924785631	0.0451790360279693	0.0950478331941352
0.139510	-0.3558757153554067	0.4336021865943382	0.1409154282951510	-0.1832476460482424	0.1082337681471409	0.4772368594220077
0.136199	-0.3246686233661709	0.8347188544372746	0.6904578779375241	0.6689289319489208	0.4472590205808303	0.0792024493024726
0.134384	-0.4262706608253345	1.0684035916905217	-0.5928150911410728	-0.3688965942831198	-0.1478769743498632	1.0685302568921162
0.133571	0.5702758136349058	0.8564915929440533	0.3655537297309825	-0.0626954363115582	-0.7647635452771606	0.0539001366148658
0.133319	0.3827374537103577	0.1757254671012211	0.0798171984923267	0.5837793573592240	0.4863190834062948	-0.6732460302073350
0.131902	3.3640837544533584	0.3829429194402827	-1.3051508830625604	0.4076986066092336	-0.1673460551161473	0.1210465278865659
0.131280	-0.1131318373380314	-0.4972782433052735	0.5083452389587044	-0.1169758545058537	-0.5052234851593210	-0.8607660977039392
0.131110	0.0922945342221012	1.4366233390665686	0.2426772412987020	-0.4411827078958780	-0.0053528733511557	0.1455679663758511
0.130754	-0.6443805777061027	3.3613505051756403	2.2834337751025493	-0.0092358131489469	-0.1657011503609343	-0.3238945670335506
0.130082	0.1013693166781213	0.4034090599150773	-0.6088679788324652	-0.1241416261887304	0.6481022554537058	-0.1986863003481494
0.129622	0.8389186359452475	0.9407919858682006	-1.2171147052063427	-0.1513780197542095	-0.6259256309425173	-0.6185333469286757
0.129201	-0.8278999289977332	0.9196101181065333	0.1915482280198949	0.3474336791920579	0.1081683691721554	0.9426958970206665
0.129190	-0.6358597108181462	-0.0182914769050847	0.7273909985729199	-0.5106322981969369	-0.1474866774558304	-0.1753364945246556
0.128459	1.4384855586124767	1.0416249432778451	-0.3107678522443583	0.3298729858398797	-0.3557866785771788	-0.0411857770296195
0.128348	-0.1291933195456345	0.6908433616018472	0.1128095371312550	0.6957010383495623	0.9203431869481439	-0.3522726500787729
0.128054	0.5566715889632843	-0.6433072643135073	1.5968533669734717	0.3131836958263917	-0.4163295240246399	0.0883833260329741
0.127790	-0.2538095490246035	0.4421512693859351	-1.5928186442258203	-0.2545931933220718	0.0391762855243874	-0.7141754878477413
0.127784	0.8960007286800270	0.6048635206979111	0.0756960305370968	0.3970146081750676	-0.9625775877326740	-0.0237395161614968
0.127737	-0.3721512593948742	0.5609582855365836	0.6949282163512628	-0.2248954996565143	-0.1225253872610794	1.1683535611047620
0.127723	0.2166592297161738	1.5241787313336213	0.6191164774939064	0.5156354424912258	0.6180369561431875	0.2802082308884940
0.127608	0.0154288123675455	0.3609465892072575	-0.0676036643659267	-0.2012724219425848	-0.2832348613493071	-0.5921765388959217
0.127596	0.0977433744517458	1.8500135399653426	1.8860296703143007	0.2486670316296717	0.5503328320598604	-0.3978464797822385
0.127594	-0.3411207804058195	0.0587207567432236	-0.4507087597664311	-0.1836581009302818	-0.1640715640932938	1.0461251493449537
0.127424	2.9980600087283640	2.5200011141837075	-2.0877257900158042	0.4453028875876100	0.3583314611405828	0.0291347565106309
0.127071	0.2295474210076442	0.2067720376443423	-0.1307473207930090	-0.5436823791713116	0.3324087956265237	-0.9259635436360494
0.125238	2.6192399483444171	0.2299999406758882	-1.6982207881836884	0.3983259001275190	0.1917686683896870	0.5083777331088707
0.125215	-0.2951231158837195	0.4566666111396157	-0.0996862852962523	-0.6051119509953764	0.5006944164293797	-0.2913728980976158
0.125155	-0.4429694268745643	0.8278877565931778	0.0697652923453551	0.0384979428241584	0.3353923566136790	0.0499509322054933
0.124658	-0.3384313810273020	0.7928885085829195	-0.4683988105886524	-0.1435276788187783	0.1047616246866660	-0.2549163004561681
0.124290	0.2832403436368252	0.2087869127716590	0.1005399816598305	-0.1946245873981353	-0.0150569982560344	-0.0077879240044456
0.124253	0.6409502894262772	1.1948819128724975	-1.1092304145663627	0.0673513110953287	0.0307813628082379	0.2146166410622372
0.123933	-0.9010106258693461	0.4273908486401709	-0.0492143019660057	0.2823633337509284	-0.7006226107830167	-0.3281784849629012
0.123802	-0.1885460677063280	0.8299888174862642	-1.4204368179824349	0.0395888127506774	-0.1061378680958438	-0.1065906190006542
0.123729	-0.1018075681652972	0.4112974085523585	-0.4508441306728337	0.3096833418345404	0.5770469180796117	-0.6058798963433826
0.122567	-1.6493394027253683	1.9468211659733223	0.4838343318195309	-0.1251265363123151	0.0050750811278027	-0.2462780957673263
0.122354	0.9781835803523585	0.7853378834407877	0.0533935579381971	-0.3849962644573007	-0.0277014474400838	-0.7863755419523355
0.122183	0.7878805876142715	-2.8500257379827230	0.7883781834942311	0.5521294324755827	0.3195830035403710	-0.1975691304285224
0.120640	0.2350146160372774	0.4406744595069042	-0.4295939831513701	-0.4818976781850717	-0.3619710082405678	0.4400325281596670
0.120326	0.4817926503026610	0.9764511353711668	0.1768486341013523	0.3476733947408779	-0.7945997418317491	0.2805090054938818
0.119926	-0.5912718154800530	0.1168545924852577	-0.4586289005708867	-0.1101132516754423	-0.5730332054313204	-0.0765455175956402
0.119801	-0.0758849558206329	0.2328280774997950	0.1492969228109149	-0.1092079996466430	-1.0137236040630120	0.3673035636970189
0.119733	0.5239695145591496	2.2717047760642339	0.1784564381990708	-0.2474749390143941	0.0038454153781286	-0.1369842149402171
0.119686	-0.4758828869990464	0.5445882693104334	-0.2206324277878971	0.0667785342559000	-0.7023437897052125	0.2814539105493488
0.119519	1.0521260448572829	1.1936630064738833	-0.2729109002384614	0.3320962319430110	0.6020794083572856	0.0572136277416271
0.118715	0.1239876148971877	-0.7878216611118398	-0.3470552396380633	-0.3069633294414000	0.1094007583906445	0.1169310086985006
0.118712	-0.2337816894015205	0.1817878678312916	-0.5739347849947497	0.7614224116785936	-0.0016242672760101	-0.3303474174839601
0.118203	0.1894035356523509	0.2145504848626388	-0.2696044111256075	0.1505851733623912	0.6458732171566562	0.5336746934777030
0.117443	0.3154693938179590	-0.2427476481936476	-0.8742871203876544	0.4549895149455767	-0.1258340363857652	0.0956028279720855
0.117437	-0.0014332587118166	0.1582201358447091	0.5965678595403183	-0.4779571341788186	-0.2915764655904197	-1.1017919380143963
0.116889	-1.6379162100796756	0.4119321790166335	1.9486227428375285	0.3899582252540452	-0.4133901924464564	0.6117375694755603
0.116698	0.5791415983953718	0.3029059349809277	0.3023282660952921	-0.4545556372534270	0.2316234437572803	-0.4590100705364743
0.116634	0.0175242349342666	1.0692094339173943	-1.1859931533164891	-0.0462457026915477	-0.5183946626569669	0.2418854819933283
0.116551	0.0743947977605640	0.7670041910718094	0.1106671099034412	-0.0799670747358792	0.0006375717058405	-0.4092439345833981
0.115304	0.6711082540831566	0.3543631306327630	0.2246548236216031	0.0805088565241720	-0.9640298888632115	0.0427770793695367
0.115269	-0.1641477168459944	1.4249774146605310	-0.4917521145837697	1.1199802286367098	0.2885510566476974	0.0960415740563854
0.114949	-0.6647562616087415	2.6311207363044340	-1.7383850647496735	0.5453508699093562	-0.1372853660502539	0.0258636024681229
0.114019	1.6142905984680849	-0.3033683995936476	2.4465423399084192	0.1676771468895197	0.4486687205701195	-0.3260283366675407
0.113427	-0.9428903500762806	-0.0817623361579116	-0.3843760457572116	0.1240498323291442	0.4681244496605689	0.7323453216596916
0.112293	0.1905087713140005	-0.3585177097557663	0.0882384271576449	-0.4362199207362947	0.8011614346826289	-0.5224865287060878
0.111990	1.0333437890877657	1.5629709029144934	1.9841773724710188	-0.2036905682892431	0.0566691980968673	0.0182906803370376
0.111599	0.4041799447057588	0.1907109098920076	0.1648239505621484	1.1742525943960722	0.0708566619785635	-0.5384931068431250
0.111503	0.3696949427997639	0.0115221610698918	0.3227126440033793	1.2430144104888345	0.5059067735347177	-0.5485432209271421
0.111465	0.0500865683142233	0.4716674542736971	0.4531286823563332	0.4197647130487759	0.1470088362669609	-0.1972276988894460
0.111349	0.4616192666636780	1.1310967035885833	-1.1293360439353026	0.0450060813638784	-0.6564447706502181	0.2021185276658836
0.111114	-0.5715356067785818	0.2045130994901343	-1.2644950901128142	0.0952100517370994	-0.2140564965662778	0.1028629971761892
0.110620	-0.2681037200533365	1.1190627316424260	-0.0073862459313844	0.2082517862406714	-0.4394829078094944	-0.0564119434457090
0.110562	0.3877684145926370	0.7524776814332943	-1.0225413796733813	0.0716357823820767	-0.7418554760288459	-0.0442743651664668
0.110522	-0.2167332117874720	0.3405773484845969	-0.5396947954820611	0.2355322455896907	-0.6807912081527173	-0.2463324653772363
0.110385	-0.0649996092630528	-0.7590443623019075	0.3810328023168389	1.1665853743874006	0.3956851736437646	-0.8809142585797020
0.108374	0.3110566968621114	0.1250182896052582	0.6241697211448737	-0.3392089617612189	-0.4943802842138865	-0.3338593583910823
0.108322	0.3647929862045607	0.0461562031335406	-0.2795110267542607	0.7164804876021855	0.3418631348714371	-0.2725446054041928
0.108028	0.1591690928107657	2.8188220981924110	-0.1711398605498467	0.3700162626538612	-0.1388750818881416	0.1062620942336535
0.106921	0.0417868250198930	0.3882325021382462	-0.0930176160667834	-0.1766490779714778	0.1188359387870644	-0.4952781972958119
0.105901	-0.7749232356908669	0.0903195734915207	0.8302974325217637	-0.0926603038103132	-0.8773705845621973	-0.0432077590191817
0.105872	2.4043883908202415	-3.3948318731893008	0.4811779121799673	-0.0529948263105405	0.3783383301450206	-0.4174247612693074
0.105695	0.3516156384383467	1.1303220892728516	0.2003326369612147	-0.2029830793508959	-0.4427906541041475	0.0885461080768021
0.104912	1.1870145152160010	0.2588964849229858	-1.6571688139294101	-0.2159106551191594	0.7154064372837141	0.2642749891446782
0.104616	-0.5026807462033467	0.5177566197177752	0.0441387172253895	0.3444835640934405	0.0558636047768803	0.3708858736504620
0.104157	-0.0549496603889857	0.3741130859498727	0.4734477263799396	-0.4213689585501941	-0.1238658604105098	-0.0018222857977215
0.104136	0.3696527874941558	0.7825585322060397	-0.0146695827331789	0.4295821633076626	-0.0033846209066089	0.3689595007790915
0.103974	0.4543602187249792	-0.1747529001170738	-0.2658986527264420	0.6296930910920474	1.2996533806639843	0.8486912522444326
0.103115	-0.0533561112523357	0.5533665312313739	0.1756200222748460	0.1100814612265494	0.4769559358913205	-0.8082588268869395
0.102425	0.9070786898977490	-0.2852500350445428	0.5562079207185473	-0.5615560729302399	-0.7035332841482183	0.3194103121593199
0.102198	0.0433949066219396	0.1167342770161769	-0.0043652687919174	-0.2928262159068070	-0.2390757105025773	0.0861285637909312
0.101268	-0.0349544704497201	0.3223845870436104	0.1718728291883979	0.6677767594608477	1.0034358516585504	0.8782182003348008
0.101090	3.8899628374383091	-0.4618429622485410	-1.2746403432482105	0.4454173693692983	-0.3240676528733967	0.1736001489967039
0.100621	-0.2123130809243127	-0.3374219231389344	-0.1970746899730604	-0.3379560248094848	0.7731122615021395	0.8493384485908050
0.100608	0.2551345132325590	0.0319654627216183	-0.0719442926370115	-0.5410674717024583	-0.5587604148973236	-0.5439277848897346
0.100457	1.5117124970471896	-0.0082921773621983	0.3361017914727895	0.5432050670826325	-0.0683776886656992	-0.0007101011599807
0.100336	-0.6044540821466804	0.3500069217852110	-1.9208973321890086	0.4019357085088184	-0.0196585776769259	0.1056377418080087
0.100226	1.7113583272187811	-0.6501792205041202	1.0733106140897073	0.1930837903819413	-0.4049055820006132	0.3782204631421779
0.100039	0.1148406608407481	0.6611769621835953	0.1005589683063775	-0.1180739956991528	-0.8761228396857128	-0.1976408319101846
0.099973	-0.0826428128375645	0.0175982369862455	-0.1806664386731056	1.1570554301081113	0.4318228994053147	0.2004076351060910
0.099732	0.4469736452548226	0.1411124392983270	-0.3356799939858585	0.2372018268925613	0.4233583429214050	-0.0437343950856246
0.098863	1.2215408014711191	0.6855008963940170	-0.1828262671169335	-0.0391971053109456	0.1917341685193686	-0.2728989337780951
0.098565	0.1867257036629976	-0.2179251334911613	-0.4416510730222750	-0.1840487807552705	0.2031070275259128	0.5703715977896765
0.098319	-0.6969024140551292	1.2016154437375350	0.4293510876061761	0.0762425735271208	0.6096649013730421	-0.1155907598620454
0.097421	-0.4372139891239386	0.5883289394529081	-0.6719509500024935	-0.2056505661856388	-0.2828917797096841	-0.0128017740180253
0.097376	0.1886383729907923	0.3737660674875254	-1.0129812412631074	0.4944625831386805	-0.0027553778912520	0.1236595560310855
0.097229	-0.5579284861755082	1.0136270326727630	0.4245878832260889	-0.3854260933973893	-0.7639408047211818	0.3649282459919694
0.096961	0.4231401719813564	0.2267831069337315	-0.1404294665829406	-0.2552128939786606	-1.1133633392489004	-0.0955926522347668
0.096809	0.8040288035941675	0.0344489523736446	-0.1090862813317057	0.6894172419711286	0.3675700294195891	0.6071439698510908
0.096377	0.2223030669782583	1.3109901051340247	-0.2433352487302976	-0.2893593392590407	-0.0786072053186894	-0.3712173327285435
0.096277	0.8351323434702499	0.5960064197575603	-0.6017175097458506	0.0820338756443938	0.4505299821537245	-0.3315760841329444
0.096211	0.7752558013373624	1.7196702276308846	-0.1421187156312888	-0.0214720595924816	-0.4254806442516114	-0.3853761431856660
0.095258	-0.3986030189374710	0.0664492948818262	-0.7875998642822900	-0.0959402667194177	-0.2544931799813783	0.1126440478115011
0.095141	-0.2571106761889825	0.6605776138417089	0.3586508521780308	0.0137243580737005	0.1418198508727818	0.6711368221294053
0.095084	-0.2447504253141182	0.5124051828238336	-0.0998694151972500	0.6720661891059944	0.4148648406714970	-0.7196199934115401
0.095064	-1.1277189157406919	3.4745055067468509	1.5639015980211746	0.2886865683534233	-0.0914175055780688	0.4274306613814115
0.095027	-0.4906033655557194	0.0552453834527435	0.1223301507614873	0.2135815006015671	-1.0436510390816398	0.2292564151742358
0.093972	0.0130603067211978	0.7137991268492838	-0.2305567028487973	-0.2426726513152071	-0.8701941495197935	-0.2777003727949450
0.093289	0.4212833264506980	1.0647792288215163	0.6830760900867826	0.4295888920473599	-0.5224244092939513	-0.2856974431057347
0.093214	-0.4587764355050499	0.0532117237671161	-1.1353417695077415	0.2593863780120935	-0.4375619642872662	0.2794174143890331
0.093010	-0.5361522937390526	-0.4610317601825792	0.8694419658006399	-0.1857699356736792	-0.4719056007471041	0.6925871706872680
0.092566	1.0686294748825098	-0.5576174217790312	0.3181666213331741	0.5827109449481097	-0.1505482340140745	0.5512661134454296
0.092494	-0.2324378302564842	0.4532058625522091	0.2683980236670557	-0.8062750063363047	0.5118973153928135	0.5514499789615267
0.092230	-0.0546782307759049	0.2211533594201353	0.1525944863680520	0.0521176541540148	0.8068098699685026	1.0966427382789519
0.092118	0.6253158322279881	0.0831309020469238	-0.1998851061695037	0.5484599453035097	0.1572840736496736	-0.4987205957317099
0.091240	0.0150460414262351	0.6593222746533491	0.2684203444328782	-0.1299832538421792	0.9123842496243180	-0.0315344484040552
0.090946	-0.4794650809466542	0.9058860684120853	0.0120928274498855	1.0106348257281181	-0.2172171928963476	-0.1572751918190514
0.090927	-0.1659812781690219	0.7251002572651319	0.1078385041124542	0.0974257834241896	0.2595662602061770	-0.6417978237425958
0.090924	-0.0565591835253439	0.7391089902594680	0.6421034094362382	-0.1076612650723767	-0.2278572237462431	-0.4397043963202854
0.090899	1.3838092971156195	0.0624340076890161	0.3952096936176570	-0.3073417999262596	-0.1400767483045945	0.1344081898841547
0.090817	0.2930993861256145	1.0227419305597116	1.3028809518980380	0.1834342047042682	-1.1432826045242586	-0.0918403199392123
0.090424	0.2236191428566206	1.3011723781728157	-0.1876053629466264	-0.0339456009600522	-1.2446958670605726	-0.4537736071416174
0.090013	0.3029788098553449	-0.7198044164440135	-2.0753531074715541	-0.0169623244599800	-0.3929334289765136	-0.0952555119068735
0.089499	-0.3438813712384300	-0.9195044303372645	-0.3713918569031545	0.2732279848889587	0.4455517139405661	-0.5817041334105738
0.089034	-2.1478261858514434	0.6987421553566812	7.3761105807362810	-0.1542337118876065	-0.1111094624054591	0.1525016057264884
0.088976	-4.5281645464891955	-3.1120926926481896	-0.4214358900200006	-0.0697857681028173	-0.2593913989493339	0.4604741809997427
0.088960	-0.5819961375349408	0.7622670101915326	1.7405800320773082	-0.1620726491758220	-0.1919866725409814	-0.3169840144527847
0.088256	0.2050888233561303	0.1277044845880920	-0.1514835703431884	0.4248555529798806	0.2037533219811256	-0.5731893268820432
0.088076	0.0890221096721192	1.7855838691967640	-0.3334759361363270	-0.0418213666475366	0.5137787878494523	0.5193330558383883
0.087660	1.1392626686613037	2.9468665460739842	2.8213242514309398	0.1257006208359762	0.5188231987705454	-0.0344363741934867
0.086880	-5.6529473041300102	0.0510631034348929	-7.4023063043962480	0.2536713999854668	-0.2372119921999052	-0.0752681341455719
0.086701	-0.7737487692012583	-0.4576514808107637	-0.7464824142487759	-0.0709118207931201	0.8471698950089364	-0.7588600531958870
0.086570	-0.5094427534607501	-0.1332261687715054	-0.8556970341940517	0.3566856446890570	-0.9182570882398816	0.4198440195215505
0.086546	0.1818408088363910	-0.0843859511836620	0.5729368110250436	-0.2361613736080715	-0.0298330254265899	-0.8052897972615632
0.086087	-0.0464341178513061	0.2134740059609589	-0.3151229352714849	0.0784426490252521	-0.6149312749500169	0.2749411454317390
0.086051	0.0534512836967877	0.5496165792815672	-0.0600587145384555	0.8898323174796364	1.0884624896649069	0.4881019018823153
0.085992	-0.4096615354718182	0.1615426155577872	-0.2015591933384046	0.1248873083820957	-0.1404535406538111	-0.1462901997020437
0.085540	0.1042068641155640	0.2758520148781972	0.0399128982138871	0.7797709331841872	1.0675416716467734	-0.1992431528140902
0.085480	-0.6443821983695645	0.3884289280890422	-0.7109780905998636	0.4596445033254307	-0.5613959845938319	-0.8771500346412134
0.085274	0.5362327431823071	-0.1280195628732269	0.8332015523273639	0.8002551971173165	-0.4882521055603858	-0.3087439303365709
0.083973	-0.1281271024198683	0.2240786514097656	0.0000674573292382	0.0776113305542603	0.3770123330682392	-0.4015994428806469
0.083656	-0.2440902958182160	-0.5767781455285736	2.0781725499301844	0.3099614925758063	-0.3190723079098882	0.3934064753231977
0.083522	0.1705278461032911	1.2647874153797873	0.0940188153768314	-0.2223281970079607	-0.2143500278273123	-0.3573316747044072
0.083248	0.1128871290644866	0.3453008723510615	-0.9053950643250670	0.3266815139245675	-0.2198877953184333	0.4891958758511543
0.083013	-0.2213818302896789	1.4981841544189132	0.6159341102405694	-0.1302167985943533	0.3757016729433947	-0.2252625601878028
0.082898	0.3500247499552826	0.4141717995715678	-0.2202946034493006	-0.3986705855075823	0.8605138364613680	-0.2901409777130112
0.082574	-0.1578240115717683	0.3553961303299897	-0.9607087909445707	0.1828032321193729	-0.3115248447887888	0.3538938906067414
0.082478	0.9817260870210137	0.5725895934524592	0.5949231299630098	0.2568382230156975	0.0465265475303322	0.3455909874869711
0.082474	3.3968212636378952	0.0348633573456659	1.4247026729370154	-0.1677124477673302	-0.4428658283754251	-0.4104787090059869
0.082409	1.6432140255535554	0.6944242853245519	0.9809528642008006	0.3115601160209227	-0.4208848654129645	0.0280764618455895
0.082150	0.5121621498506673	0.7833984724349818	-0.2410582672869551	-0.5264827659051178	0.4568483459242312	0.1021682994446305
0.082051	0.0504070193811472	-0.1511863309522596	-0.0155861055184155	-0.6802041869513501	0.0373374286110847	0.4035005577443205
0.081969	1.8101140582368309	0.6799904925882494	1.4443770956306761	0.2212205063110138	0.5058635926311634	-0.2327218301111703
0.081668	-0.2949859440591671	0.5850225511603525	-0.6038015085421015	0.0977959091270293	-0.1098404964732571	-0.0714308732738444
0.081572	-1.0263849009351818	-0.6807665667914662	3.9363048325946521	0.3412400049262206	0.0719574454837535	-0.1062098905725506
0.081077	-0.4030983995869019	-0.1072038527349176	-0.2436638708483840	0.3909143465352453	-0.5330667156658038	0.1273619909631835
0.080115	0.6897204119473689	-0.0211161825113846	0.4551953782894781	0.1375564292483372	0.5417691930426496	0.4808918253326995
