#Mass_[Msun]	x_[pc]			y_[pc]			z_[pc]			vx_[km/s]		vy_[km/s]		vz_[km/s]
10.360256	0.5363833328218253	-1.5016599148191276	-0.6347143640109171	0.0759066404987607	0.3335307476276309	-0.2337711003054533
7.959045	0.1236713203815007	-0.8069259556497831	-1.0721091999661587	0.3113518332483574	0.2511079495458078	-0.4769166856733574
6.485306	-0.2915324853305438	-0.3325534276798001	-0.3144843795629887	0.3198860955548726	0.2023281528173397	-0.5182482619348702
5.476281	0.0576237037209169	-0.4596732867870988	-0.4236223506637230	0.3294138826623098	-0.3099120052850519	-0.3972387045041371
5.134400	-0.9668844808128285	-0.4617539897523703	0.0678518845191561	-0.1261167846271078	-0.5078529341582791	-0.2689303649866193
4.945388	0.0661598631065357	-0.1995333101581495	-0.1585169185170055	0.0505081995087125	1.0194234795900547	0.3594221573663529
4.802975	-1.4876950124137220	-0.0434268142585983	0.2476409842033461	0.0031420302841614	-0.4010530093117685	0.2103002503260200
4.512315	0.2748612886534445	0.0371539369653181	-0.3204393094659721	0.4196466117246774	-0.7345619589523472	-0.2096902532302981
4.117568	0.4196144620726140	-0.2296994314777999	-0.1463647899514358	-0.5563845310297508	-0.5519799960604310	-0.4954908932560051
3.902224	0.0098253109698079	0.4039130579218861	0.5027658066623081	-0.3227387953403513	0.3852364549814678	-0.4993307142775893
3.664999	-0.1192939345681829	-0.3814807274186791	0.0365019449184064	0.1123455007126951	0.1811410692800557	0.3354875442539009
3.483121	0.4409544575096109	-0.5133027898365612	0.3889442427876903	0.2220707467398054	-0.1264429650306520	0.8915626726655688
3.305911	-0.1202074480004031	-1.4664678767722430	-1.2271866122344250	-0.2495861901727726	-0.0808031050387218	0.4425680988867494
3.172498	0.2054629937128162	-0.0774943075315734	1.5277318913869502	0.1029302197287996	-0.5648089914286022	-0.0157783837387191
2.997139	-0.1678686529201052	0.1033662530628160	0.4363116728684486	-0.6425553405730847	-0.2084081212565509	0.0866223094248709
2.762822	-0.8478353140049494	-0.5948428737772553	-0.4352490617854659	-0.0155444946255679	-0.0806422481722195	0.2774974243223179
2.667298	-0.4297369009298643	0.1117025725715817	0.0989020198933916	-0.4605097976498327	1.1030672892569466	0.0583638445198144
2.426048	0.2092287332250293	-0.2249018529238564	-0.6215266474222647	-0.9189770355486657	0.0342276799594116	-0.0216303279954770
2.062285	0.0899764665756306	0.1648092648674372	0.2642099632512820	0.8558796044758775	-0.4687118246978422	-0.4562029391727451
2.030871	0.7094309650669912	0.3923783425693126	0.2299774876548223	-0.8885333028710102	-0.5511884101528663	0.1578463048016537
1.900863	-0.0399431293447172	0.1042875421834895	0.0353051908679618	0.0098280663207768	0.9957768143783511	-0.2702571287225595
1.851381	-0.5250346949760267	2.2305510431405757	1.3033064673395316	0.2739633056071804	-0.2502666049609842	0.1127586811269301
1.728448	-0.6214416186678438	-0.3244941133199775	-0.6066144188302925	0.1031057426158295	-0.0086872760416903	-0.7436141028464591
1.546941	0.3414481268928998	0.1242886564508934	0.2222176951360878	-0.6257250700681218	0.5989234074221036	0.4072134879891358
1.476942	-0.3545155686418113	-0.3066989420285085	0.3732296438851690	0.2461167707934640	-0.3938717721557347	-0.1474325349729515
1.473904	0.6591584162077533	0.4467832136292938	-0.1598071174840714	0.1261162939892986	-0.4496287560559170	-0.6259580232568301
1.459134	0.4226012276749176	0.2525889121839081	0.2939786941985130	-0.4310369388816563	0.1659262566962949	0.2087112905187344
1.446690	-0.0105511986572564	-0.0116725911518260	0.9161050240784177	-0.2235940769405562	-0.2851131768934606	0.6181825967956618
1.424403	0.3483342395294599	0.0110456072961946	-0.5726782385445227	0.4082363043515223	0.7770642818232661	-0.5571472088271168
1.379852	-0.2958872558084457	0.2742824286678050	-0.4649574753807222	-0.3589902826426930	-0.1004174535370784	0.1488476622668888
1.374076	-0.0239686491347608	0.4174002227118703	0.2014782151078621	0.3240038985538402	-0.3722803547868447	0.1696656958541607
1.292642	-0.2281980620743647	0.4266208421465464	-0.4879159346024213	0.6158941916664056	0.1989982218351486	-0.2111377147111771
1.291744	0.7191746781226837	0.0623448084297515	0.5822180601932750	0.1575007830966528	0.8611949473007928	0.4426488933026423
1.272046	0.1032218110013413	0.4993942654529583	-0.1463097161029223	0.2956619910361776	-0.7748965737635322	0.3384380922399312
1.264003	0.3176718324593755	-0.1414323777367590	-1.0598180566599753	-0.2952253213516950	-0.3165358331085632	-0.0337858933175267
1.255688	0.1272153710570287	-0.4880792570104220	-0.1073890970484716	0.4813595136039683	0.3335896487785441	0.1392896780965923
1.231991	0.4136221113667486	-0.3096300780212484	0.5411455621503143	-0.5524145505118165	0.0036038070469432	0.7435426370903072
1.229114	0.2492413779844008	0.2925594827688758	0.1605657849871108	-0.5337712703410751	-0.4021599369751673	0.1685537036561282
1.226594	0.3675329273196355	0.3813713203605413	0.1451779599506273	-0.9467526308442820	0.7745772222166067	-0.4444320872175904
1.219564	0.5434600654511422	0.1242679932369092	0.1316992492562806	0.3441992604324749	0.6257249266884861	0.6727906714726584
1.207072	-0.1235437707823043	0.2556408042185186	0.2739266931305316	-0.6258489900863814	0.0021409006922750	0.2810243380575848
1.185781	0.4343833481822480	0.1820677268955789	0.1941425924058084	0.9272097117562969	-0.0440371569756866	-0.5856931270616524
1.181673	0.0721731056029229	0.3923422300175097	0.2160548077302540	-0.4896041174843693	0.0098417887594504	1.2381370279868440
1.165670	0.0513660829476327	0.3561272847211090	-0.1275895078007598	0.7111226688796997	0.8015046483175956	0.1619377472876227
1.163287	-0.2089667604171614	0.4403493712481988	1.6248550783415250	-0.3546514438615768	-0.4329596525161348	-0.7883851388243269
1.049003	0.6203908606284747	0.6087740808300397	-0.7621180569977747	0.1958678673920625	-0.2601617839534111	-0.4028245180603124
1.041232	-0.3938710882540626	0.9000053442976401	-0.0357362754763800	0.2343385885108637	-0.1830239240823313	-0.4336099654409736
1.025733	-0.0489623039042535	-0.0814652142228684	0.1926044762115654	0.8135017049864884	0.4836028153079367	0.1796207458843138
1.014278	0.3512064558820641	-0.0809913296842890	-0.4540967810257113	-0.6240398229298943	0.7253339946534135	-0.0273130672193767
0.993687	0.8122272030548475	1.5906947060268697	0.3632678270477961	0.3143668777220589	-0.2991402528636615	0.1976549081009712
0.981241	-2.0886058837604367	-2.3842374839533425	0.7505840500060283	0.2133256609102257	-0.2537631229273778	-0.1969532030388914
0.980499	-0.4067976015425601	0.3753420767515206	1.0001047724945600	0.2960757136915187	0.3269033344427385	0.5658907714465913
0.980356	0.0129340695130690	0.3067914155858241	0.4714399675359541	0.6440050620068390	0.3432241162028813	1.0018090322208719
0.971547	0.3670515142035882	-0.1474318512528481	-0.4300662653725537	0.8503912038828056	-0.0458775474913720	0.3625179589831884
0.930572	0.3399691538688131	0.6710443669499517	0.1897218851883249	-0.3525853601933933	0.0544773231368898	-0.2719536043120110
0.864861	1.4877473055350383	-0.7640554421239830	-1.8797065085939462	0.0032577549071583	-0.0204796087566573	-0.1931980388901580
0.854103	0.5038620202026843	0.2652419762643978	-0.2879139965915989	-0.4223003462041854	0.0876333985371401	-1.1356742403191886
0.851357	0.4996618537046214	0.3278524472685113	0.1971036656859803	0.6954586303043621	-0.4327393941557128	-0.0015836219242672
0.848067	0.1926826278635627	1.7959626985657642	-0.0501213331177805	0.0514452704543190	-0.4298969604487941	-0.4810956850410882
0.839710	0.4232597732568538	0.0408332312481969	-0.0072522341289182	-0.8895461921962529	-0.0627428248732381	0.4225971936261760
0.837439	-0.9348683610574302	-0.6051975582063432	-0.8514766062998030	-0.4858208056690015	-0.1258861624687424	0.0737333008251421
0.821566	-0.5405503313317067	0.1946629490617420	-1.4613797009243077	0.0265442414066710	-0.4672930070608602	-0.2956918770584154
0.800882	-0.2398220808305891	-0.3532426851000362	-0.3776783437456105	0.2394574087919224	0.1477589097175091	0.1732495312443414
0.790313	-1.6343993271792969	1.4660285160733775	-0.0039087307018627	0.1407635584588475	-0.2390780038837838	0.2509498007824378
0.774549	0.4411737420293130	-0.2650117233823149	0.8883401489642203	-0.2578758549451209	-0.2905110837827590	0.3521277872842334
0.763379	0.3328460644739440	0.6320151846643404	-0.1762428616347461	0.9290122465162900	0.4425277469000959	0.2179515902972581
0.761964	-0.2497135409919218	0.2327876842094267	0.1755979724541091	0.0555647181408072	-0.1952567093413174	-0.3503991535531034
0.759833	0.1066134188219667	0.1871256239925243	-0.2678281226477450	-0.2219392224262967	0.1413856135264402	0.9082547491652159
0.758853	0.0922392312998250	0.1574454459894890	0.1444738685132090	0.5793734699881611	-0.0405394553632310	0.2471302906080131
0.756635	0.5567612152693223	-0.4596293816124657	0.0824532594598941	-0.8362778441962181	0.4238549534038095	-0.1783053916190974
0.743776	0.2000655086740168	-0.6344992558799680	-0.1259932280869271	0.6920234378576576	0.1451649523734991	0.8583723437258531
0.736961	-1.1530690870774458	1.2434137952667972	-0.6214740668324574	-0.0001589377201728	-0.4143284559699779	0.1070798358495767
0.720496	-0.2748589534932890	0.2322201971987734	1.7960560263187080	-0.0555485405620566	-0.1375596717451266	0.5336649328634203
0.708993	-0.7005437481459011	1.0622390505798154	-0.1674037464552809	-0.6901687353960212	-0.1077754583713568	0.1594027220896304
0.700354	0.3120919589966684	1.3880720520728158	-0.4782384416329287	-0.1283166930419964	-0.3982153263768315	-0.6224202645622849
0.698718	0.4263151733740268	-0.0535228670749699	-0.2889428001914537	0.6842008260380347	0.1516406616234554	-0.7496063675740022
0.698195	-0.0693702703722633	0.1433560308323985	0.6013136902183582	0.0530540786898552	-0.1339750305806467	-0.6442321947246183
0.669485	1.5644663869046032	3.3121253267300363	1.2813129581922722	0.1502498703877897	-0.1530896484508649	0.2493345229388224
0.663864	-0.0655930527720859	-0.0193154751250062	0.3684037583993427	0.4096494263986419	-0.0904738758487857	-0.0595199018777853
0.661193	0.2102170329998506	0.6068341247392499	-0.7402121134396257	0.2648385652328429	0.9103596776525879	0.4472879885226611
0.659040	-0.5413998822482852	0.6178994188648234	-0.4682300644316191	0.2655092154845435	0.2173724388519020	-0.6190244819559848
0.646895	-0.3771356997638021	0.6263306902056038	-0.2690225503996589	0.1989804557636078	0.3248235409437871	-0.9246786148674577
0.644804	0.4988263190080131	0.7858882155146839	0.7027973929667213	-0.0432587027623471	-0.4573946853604218	0.0021743136510691
0.643477	-0.4077935837566252	-0.1765068763888177	-0.2755470677657614	0.3864989810926431	-0.0345150582889226	0.7692337251327965
0.637369	-0.6708208880335098	-0.0526150415058827	0.1848783855302471	0.7891892757057311	-0.0091056901702767	0.3301694147851852
0.633282	0.6374610663977764	-0.8961820613537966	0.2534766178687322	-0.0461057449684169	-0.3360694101705018	0.3714136433678156
0.633249	0.0989084346188400	-0.1586486184971842	0.2269556695730717	0.3727303764735765	-0.0645996980100844	0.7495005158449207
0.625698	0.3553330877736677	0.7524234592789569	0.4236623572031509	0.3940096880606502	-0.1297734776576219	0.2455196890584251
0.623683	0.3432037916568665	-0.0222892454191385	0.5898803421189009	-0.8625439746734361	-0.7405286293517717	0.3157784824050962
0.622138	1.1600720924154568	1.2844502772909445	-0.2612151986628543	0.3780358242666819	-0.1140973558907732	-0.3689504602396154
0.619695	0.2894656824580353	-0.2478305184800167	-0.1204673237339405	0.3742197845271149	-0.1474704906302983	-0.1321122770163851
0.617443	0.1516276415952394	0.1842164794093897	1.1210235605730843	0.3516656253334558	-0.8099017608989177	0.4277930172855300
0.617098	0.6953984395553462	0.6518963001897815	0.4872387649975022	0.6895500947172980	-0.3437393690173094	-0.0827310899944814
0.616798	-0.1485362562332849	0.6592415417050536	0.1327045881653162	0.1697162479653800	-0.2122083502644368	-0.7139501312376195
0.614246	-0.0146577367547672	0.2191293699593070	0.2451017911845026	-0.2886078420315470	0.5427278229413685	0.1102735392898828
0.613552	0.2456779771262161	-0.1862269720850338	0.4878747166573165	0.3583284169720432	0.2763034701360079	-0.0196983981896564
0.612212	-0.5624846052877956	0.9943660705326298	-0.1296573324289636	-0.2308899273221502	0.0367086199347886	-0.0286465829721973
0.610407	-0.9603264386404848	-0.1672716488173911	0.6322036593723575	0.1771127089117914	-0.1529588412693965	0.4475457302704692
0.600869	-0.0842371081274159	0.7577229254068339	-0.6443585789823577	0.1753148010309536	-0.3524646226924663	-0.6289531641416810
0.595685	-0.0876336675051028	0.4266211228763007	-0.0342200254793354	-0.2798922567767451	0.2178165575791640	-0.2297129205371856
0.595035	0.2440319935347165	-0.3292674170208993	0.6460896159280523	-0.1050101008595967	0.2147992436731784	0.2776344455865320
0.574750	0.4339178706303140	0.8893235699394194	0.2224925708293839	-0.1944301899342716	0.3022296018980765	0.6049728617710475
0.573523	-0.7871311090271222	-1.6086894975057662	0.8934989349118339	-0.3622370580956296	0.2314546771361460	0.0267935708429438
0.570177	-0.5013472545780887	0.2361330488411011	0.3757211018607524	-0.6029411284473658	-0.4530565090547429	-0.3334601077068565
0.570166	0.3360895497017894	0.2265946667826320	0.6458213511174075	-0.0561123478365729	-0.3113276752124490	0.6415431749906508
0.566560	0.5100258678785758	-0.1113466206551239	0.6720003636778715	-0.1601303393908360	-0.4486632658642349	0.2039030359997691
0.564846	0.0540801652334179	0.1732166446836843	0.0590101983313319	0.7555530477053943	-0.3141032600483679	0.1527654245464607
0.558993	0.7607267299264214	0.7128885458679920	0.6634015746547047	0.4633744328334902	0.0082066777518445	0.5153173514947297
0.557054	-0.7733218747369837	1.0109350044596539	0.0936164503709954	0.1524886081258859	-0.7195278573247588	0.1110822671702591
0.551151	-0.0877891595175449	-0.0825278004550010	0.4279733960221580	-0.1991412406820930	-1.0738149745501240	0.4962944564740456
0.549153	-0.4389829027073598	0.7503684500161637	0.0543674720109893	-0.3717121511061589	0.1161914586910305	0.2864634961622983
0.545792	0.1507856264664409	-0.3398704384350337	0.4683348287780910	0.4072806648739776	0.6284168946146260	-0.8568009647932692
0.535172	0.3646084076966832	0.1409557029629252	1.1329571412052499	-0.4523764605550329	-0.1866696085679107	0.0613100511574231
0.534446	-0.0808551985437443	-0.4923288265366133	0.7077495962759729	0.5521237299459920	-0.5949729576769787	0.8507524362262607
0.533335	0.1003106348587277	0.4292964467062682	0.2691080470169961	-0.2908194883213037	-0.1454022730011580	-0.0129823222335930
0.518231	0.3817237179538875	0.5162441960321734	0.3929937406557539	-0.7126509069686353	-0.4447899382478120	0.7549611257699250
0.517443	0.6646998716555961	-0.0188365178782364	-0.4851863207142997	-0.4959688437733611	0.3841999054925134	0.5396381549976265
0.516369	0.0740772745323932	0.2405757663400385	-0.0536962914371558	-0.7849455387107328	-0.2162346494373936	0.1356888245258594
0.512900	0.3472986353597390	0.3272788264381297	0.8441260156348800	-0.1639099384592722	-0.0150367139292941	0.3954641113407295
0.512671	-0.0217386906181658	0.2853445159613289	0.3475372875379930	-0.4647791891960160	-0.5666372912296157	-0.4814749527393471
0.512555	0.0884374282707985	0.2764840986306318	-0.1417309227308268	-0.5017517080441710	-0.7147547924106827	0.6216647694388214
0.512120	-0.4660270083648523	-0.0521630510761835	0.3464428815289645	0.5712140961137661	0.0652449701779851	0.5090527239201146
0.512003	0.7414135652304753	0.1962123419484654	0.4608314674217968	-0.7598978612351384	0.0022870722586028	0.4316314053332690
0.507690	-0.0244510118921544	0.1014154058642548	0.0997250971403884	0.0389394635917129	0.4439199675952138	0.5040091706649209
0.504720	-0.0165170118111303	-0.0688942139901755	0.6223686837466287	-0.6128588444039025	0.0635000668742171	0.4182842307699572
0.502300	0.8389991454860388	1.2309923655955419	-3.3451069763920991	-0.2132960743045527	0.0081302940210173	0.5479378919587637
0.494729	0.9556086242845394	0.8797588265928313	0.0774954219884547	0.3302534115023914	0.2903601026484201	-0.0015722940320368
0.493585	0.2468360722697601	0.6818186789686305	0.3592011872663625	-0.5217983291117178	-0.3147331455699849	-0.6897126324611913
0.493255	-0.1897784914759138	-0.1121809668890006	0.3219981883760202	-0.9130655847254445	-0.0809394302592618	-0.4050159151607705
0.491474	-0.2877246460763888	-0.0486950156612443	-0.0604201682380690	0.4286239432579085	-0.9854968268020701	0.2290420666480661
0.490971	0.2409524834407480	0.3449451222409538	1.1598176421120987	-0.5047150468809615	-0.8116666906625117	-0.0253188786734026
0.478625	0.0059719503859589	-0.2149137125957633	0.0563222801518359	0.1944326071607510	0.1351997609058246	-0.1189927739440166
0.477493	-0.6597327589401427	1.9034326750513955	0.4316204949047431	-0.4219683413983485	0.3579774402172952	0.0934695257366349
0.471591	0.3020703338230076	-0.4378426217892381	0.3272907168940657	-0.5931461570539996	-0.6732730129878083	-0.1631114262430519
0.467175	0.5402941010029358	0.2615510165763327	0.3810704554789470	-0.3054351107647134	-0.4479120932941820	-0.2768643999635238
0.466193	0.1204887756237374	-0.1107966000778265	-0.1725228321338783	0.0512440048506425	0.2376451759916110	0.1294292756642089
0.464949	-0.6734561214991198	-0.3008624086996119	-0.0090374198203134	-0.0855667137341481	0.4607068674030225	0.2208831844765293
0.464282	-0.5176077809490809	0.6310029572098848	-0.0074865003423283	-0.1958854140844826	0.3803889702334567	0.5134365532512447
0.461726	-0.3411329210967013	0.5203012044128895	0.1308097006735040	-0.4349481161449777	1.1005780915339882	-0.1196040116069330
0.460266	0.3516339337191832	1.1215679739920115	0.1650290371285156	-0.2978265887561302	0.6834329608953970	-0.1805310546600841
0.456266	0.0822335391927085	-0.1980078335745255	-0.0690670340627338	0.0730930366559098	-0.7145770249958561	-0.6637430032702466
0.453501	-0.3112237206499105	0.2946602732783164	-0.0698162032847131	0.8797730991445403	-0.7400859236371223	0.8624843184988827
0.453065	1.7931913922396625	0.8880723316688255	1.1956324958324709	-0.0610916595519327	0.4553457081325726	0.1538088353424056
0.449689	0.2705854826173205	0.4815291904512459	-0.1535426342162201	-0.4345950417888984	-0.0491772212259256	1.3751482803576294
0.449178	-0.0784168036878521	0.3834997847771676	0.0359202725262540	0.1865917594097494	-0.3215690474378147	0.0200939909811623
0.447207	1.7658181107354534	0.4692321620252382	-0.1626557521989402	0.4388073112527660	0.0856222693673231	-0.0599631936928686
0.441009	-0.1288356182763902	0.1778263242704151	0.3453143517636563	0.1161474190617970	0.0039692244926424	0.2163102107217355
0.438472	-0.1534587674137055	-0.1229959495614304	-0.5087691676127525	-0.4440891538276723	-0.0278750743924557	1.3156756340766143
0.436813	-0.3532740943561404	0.3321653216743511	-0.1957620920832996	0.1454296216915588	-1.1330722775550401	-0.2201361916909813
0.434094	-0.2968095260142642	-0.6581238574924450	-0.4869815270156405	-0.3825474983191248	-0.1992090503305319	0.0075640691988585
0.433081	0.2107838569926955	-0.4381931460464600	1.0724866464865406	-0.1727732304446485	-0.1287143619829950	-0.2454856493214040
0.432741	0.0510765393611961	0.4873036277481943	0.7486283688208831	-0.7572082277689107	0.0188516491051726	0.3996663003868811
0.431134	0.7203277679445464	0.4507594566777910	0.9003610003007643	0.0133747188346004	0.3347720799161888	0.1210140414798317
0.428426	0.9124404230356108	0.1386666573291359	0.0688418681144736	0.3127466986129199	0.1680408477501809	-0.1730523350686931
0.426354	0.1837174850253405	-0.0408948601944513	0.4482287402902331	0.5646672203768769	-0.5400774255381342	-0.1717759703370949
0.415294	0.8341755261389093	-1.2774812493723335	-0.7736990770930943	-0.1103850484083761	0.0700080849580128	-0.3743011811367224
0.414630	-0.0550978421110328	-0.6538936234964399	-0.9406368290338443	0.1139981832056176	0.1005985207675221	-0.5287928676229855
0.407241	0.1138469745496414	0.1752293687626639	0.4321930925234181	0.6238089141062502	-1.0097049478897260	0.0490713086662596
0.406475	0.2690337962692748	0.5700885635132154	0.3016228199671172	-0.1894922328989804	-0.2369855479072858	0.4677681027233209
0.406291	-0.2478056801777151	0.4445552675124553	-0.2357466875084093	0.2455620305636131	-1.1140802962633689	-0.2871421715112349
0.405678	2.4504840688786564	0.6927078112589126	-0.8686986968095040	0.3828761522469355	0.1924750262815817	-0.0475588504638539
0.401647	0.3358882088636518	0.0630472175661627	-0.1464730120022432	-0.2738581743723927	0.4966258714985568	0.4575854179943240
0.398065	-2.1559064468434928	2.5199355138729667	0.3597488373908530	0.1254145404607528	0.3215638693783228	0.3527002450210482
0.397470	0.3442396006188168	0.2546472452620837	0.0786448212731122	-0.4543388002395427	-0.1782930496996857	-0.4501447136975474
0.394471	-0.4897199424391201	0.1071389848319360	-0.0840996610481995	-0.7215330677362878	0.0837561429100382	0.1346272297329714
0.393316	-0.1642070945337467	-0.5904167470693791	0.1917226886405952	0.1184780336895713	-0.8445558548333865	0.6513888756339382
0.392526	1.0096602085047817	0.4009378126032709	1.4686843829801510	-0.0748968184861246	0.1000892972091296	-0.2982153103127965
0.390675	-0.7253486589952921	-0.0536587063091636	-0.5797744620882118	-0.0395193545157117	-0.3967662976947459	0.7167421886127494
0.388987	-0.4590843770649652	0.0423452968667970	0.8512076476241524	0.1150058320184522	-0.3984696602020424	-0.0117398390512774
0.388555	0.6603241890030409	-0.4063468212568807	0.3975559674769892	-0.2674004427175318	0.0970807668609966	0.6659131868468305
0.388520	-0.0241994850755510	0.7637018752830409	-0.1354569301594846	0.1373822098796968	-0.5114367447133092	0.1711628429968357
0.385920	-1.2187635358853335	0.1882437861235355	-0.7793036043332080	0.2707053892928808	0.0379521435321716	0.2195828572762891
0.384498	-1.2396162922659759	0.5337908313857918	0.5753776082775630	0.3313317748092759	-0.4753995166753862	-0.1303820523521498
0.383761	-4.5134431499219962	-0.4549769269799936	2.6108535355207869	-0.0879584336500391	-0.1237253493620857	0.0397351348745532
0.377866	0.6622370922747125	0.1175116393620369	0.2799010858748942	-1.0737140825008746	-0.7300723970791978	0.0514973703569067
0.369050	0.6392502270670629	0.1794518623080144	0.1579520202273778	0.2227077937548758	-0.2508580588357883	-0.1753138522685171
0.366797	0.3082994282449121	0.1867686201273107	0.1277507018579881	0.4062589873055212	0.2117150949733080	0.9618360958695374
0.359850	-0.2278656882748406	1.9248226824280752	0.2871514094842261	-0.2033042554636510	0.1661283883628410	-0.4847278751307432
0.356823	-3.7634777912560757	-1.4230769340568379	-1.0995156702078586	-0.0162977532035735	-0.2123406471333243	0.4915535198249431
0.353811	-0.3401293901428561	0.1928656346863424	0.2031032070211096	-0.1808607253317845	0.2124723579567734	0.5128521086773856
0.352208	-0.5762647523811076	0.3696605501237863	0.0032165004525836	-0.5379332607725874	0.5552948518961573	0.0288686769980329
0.348979	1.2841507439757489	-0.4697292850687891	0.0728595182238103	-0.2072612352068051	-0.1663701394375717	0.8684268250018262
0.347412	-0.1907513520867574	0.3589401385535943	0.2427597819111321	0.3230061143637787	-0.8479948119710626	0.5762396332049938
0.346229	0.0763535844482586	0.0875500709243038	1.0251106418508700	-0.8377703199620584	0.0531463414629468	-0.3806276933805444
0.341455	0.2455898249514570	0.2161084206891729	-0.0002702148289732	0.0753867196765846	0.7848823343468057	0.6009030958146765
0.340604	0.2785075052699110	-0.0026352811715169	0.1082150930479243	0.5651123679434146	-0.0958245245785614	1.2910082092413815
0.336521	0.2092865012365827	0.2662751872866582	-0.3380223216004528	-0.1692916059130836	0.5006745388605290	-0.9336967540034553
0.336336	0.2221836210692767	0.1953947430811951	0.7809826533644892	-0.0130971365366051	-0.1978904559604263	0.6385447101120768
0.334066	-0.2239665280590850	-0.0744309498257648	-0.2686130332050039	0.8029422902538955	-0.0792531260673246	-0.3073877257273996
0.333665	0.2860488285149185	0.9897409754537523	0.0797960192407536	0.1685807583684151	0.1245729314870802	0.9768862166810287
0.333106	-0.2475776546926000	0.0571670181869579	0.1688392768997923	0.5183373897305414	0.5226660123656736	0.8301526609390888
0.333027	-0.0454940362198655	0.0240210687270689	-0.0278170920431978	0.5512554405189660	0.8573478284655830	-0.1642203821332745
0.332261	-0.1381344947537848	0.6163622407778574	0.2877961053483158	-0.1197383312006862	0.6215585383011897	-0.0441167222713232
0.330397	-0.1367823112191827	0.7251163588657995	0.4729885253466318	0.0198464244247053	0.8429839200426339	0.1968574347109808
0.325246	-0.0255027547186691	0.1382586147037311	0.8261754940266902	-0.7779805797294964	0.1630516742724827	0.7800622241412345
0.325242	0.4209914208122218	-0.0598386573282428	0.0503923591964374	-0.8334006742236615	-0.7884781730200633	0.1993541768805198
0.325198	-6.0580308170300778	-3.3752760865917328	-1.5411690299291214	-0.0003435573212508	0.0953209310653181	-0.0397869798581344
0.325055	-1.0379413015192482	0.5556627179699942	-0.0204248683091652	-0.0397009566143173	-0.7715812360977425	-0.2976170048625197
0.324167	-3.3092884920179837	7.4308765857107923	-1.7274273957681712	-0.1085962269768610	-0.0658289946638577	0.1055432834716549
0.323727	0.3517891412008204	1.3766209154591120	-0.3566419866920071	-0.1427070365210785	-0.0445767719665767	0.6926892479752962
0.321642	-0.1886162718152595	0.0839186305657659	0.2921105350717932	0.4288691665692972	1.0441839115525138	-0.1209225119231942
0.320169	1.0231545744172026	0.3798424550829957	0.0478800247384100	-0.7350529362605056	0.3094161486190044	0.1591126804997217
0.316499	0.0522390982784219	0.2250069178743740	-0.0133259938851959	0.2982838211197448	1.2525104528500739	-0.2743639834824361
0.315697	0.0140013936979640	0.3827212339219895	0.1874562975592153	-0.4476818927534977	-0.6943223652819625	0.4482576086071991
0.314198	1.9270203298779915	-0.4860268239410503	-2.3400353110674610	-0.1940857285187546	-0.4293487569627383	0.3237536409319196
0.311588	-4.1605647685192606	3.3084731603129582	-5.4041999172001409	0.0485642970952330	0.2014449255825630	-0.1016791787041197
0.306517	0.2983700016556192	-0.1319696146266800	0.7975777050483214	-1.1114406741889200	0.1996324887752808	0.1963621658119603
0.302648	-0.9297341781555284	-0.2149371281308668	0.7966060111772012	0.4656899677951634	-0.1318568177966741	0.3757060554125615
0.301863	-0.0971841143091042	0.8835964681279174	-0.2223175927879402	-0.3773652283221328	0.4764884495567239	-0.6403738124203623
0.300256	0.4770491664655749	0.6892451102705747	0.2424755602973471	-0.2406521455952823	0.4317006695426462	-0.4496829064004963
0.294996	0.5584901487586034	0.1511853609006257	-0.3939945943651266	-0.5043589872644531	-0.4977927220120854	0.3613783652020763
0.294750	0.6764091164150970	1.8668539268666708	-0.0231986467716300	0.4101442034097914	-0.0914895165656643	0.2725914062781162
0.291963	0.0865937733560256	0.1386701096267113	1.0471338484003578	0.0617370517134467	0.3048135090063205	-0.3162254002916113
0.290913	0.9310346535489138	-2.6030925880394746	2.3674385891124818	0.2460061167498745	0.0006157835097491	-0.0709461925646405
0.288203	0.0477530902597640	0.1829196883285494	0.1917618678944670	-0.7754909796319351	0.0123494559878117	0.7266952691918642
0.283889	-0.5972254478464127	-0.1819154596812205	0.1531825452828285	-0.4042622171801333	0.5898849267783767	-0.1610697423601367
0.283139	0.6844035937657275	0.5630138175661767	1.0129751260608291	-0.1187082231637838	0.2294349423783749	-0.3840505982952229
0.281816	0.1449854547285253	0.7911957295800027	-0.3187821095090714	-0.2300116539598097	-0.2232508538805987	-0.1132498785001854
0.280987	0.5165226692003227	0.0744154064664953	-0.3459235830615098	0.4777121559008860	0.3947947541465780	-0.4291956830521212
0.280676	0.6919280038592529	-0.0551299713714121	0.1853441424194857	-0.0255345895846159	-0.0595988620462944	-0.3619429599004626
0.280547	0.4490060083063892	0.0694702596441962	-0.0395008977361868	-0.1841523896345496	-0.8313165795436569	-0.5565060895698168
0.280331	-0.3970523791218526	-0.0237994056787046	-0.0656442669398507	-0.2832137544470220	-0.4919493294212665	0.6226725647353178
0.279196	-1.0435664679436691	0.5762501476920335	-0.4096280352757455	0.0084186639805533	0.0230555001873042	-0.0519209004754021
0.276774	1.5565872496994098	1.1717577315872520	-1.3445087960113580	-0.0113546923321285	-0.2668902722095643	0.1729555960587833
0.275937	-0.0668855900861213	0.6257192157605692	-0.4790198920136882	-0.5631206255931283	0.0586483156992614	-0.9715650282835508
0.275917	0.0454225154025075	0.8001615899683433	-0.2170496128257547	-0.0430410117712760	0.1578807847657503	-0.0092155598538312
0.275891	0.1575646913692249	-0.4308828170802171	0.1381537991683235	-0.9705106768139536	-0.2877937217122606	-0.3451273860320659
0.274565	-0.5460606253648564	0.2719337810346455	0.3457997770577484	0.0959624994569874	0.4184280244085811	0.6848756837116802
0.270365	0.7764127748370800	0.4598837447739755	-0.0169971950309312	0.7986299277145514	0.6618403039382014	0.4710307219295390
0.269638	-0.1993112304664663	-0.0322594042621475	0.4208996539132257	-0.3206348211722563	-0.0631157150018351	-0.5429647301886907
0.264786	-0.4488004266570561	-0.1589925177379353	-0.0601107816107566	0.1812983636494520	-0.0778613050755887	-0.0023379504540097
0.261256	-0.0525442963620231	-0.1727237100827226	0.1841512912446802	-0.3244776947865182	-0.3577495119883705	-0.2659655236974509
0.260587	-2.2646115235762712	0.0397346830734716	-1.1913153860027001	0.0872746531179839	-0.3698613402538907	0.1705900053529212
0.259802	0.0409642955029511	-0.0701627908118475	0.2520032353258980	-0.8881227048385276	-0.1114800350259851	-0.1412235721002053
0.259123	0.3572765089764920	0.1672867137896035	0.1641977697967790	0.2880057066057332	0.3228353969375520	0.0258937313451351
0.255723	-1.9829690154427473	-1.5549321981924540	0.7238460173418864	0.2393775087116095	-0.1147573219500174	0.1339764945290732
0.255371	0.3880526895918392	-0.2852231034316103	0.5770998756331976	-0.0114444449622217	-0.3918943303422822	0.3209187096589352
0.253740	0.6353918908070058	1.6012030091364999	1.0729582081264348	-0.0976459744633519	-0.2074219973727318	-0.0676720542123007
0.253409	-0.6304273802731061	0.7059438787978783	-0.0899885671737559	0.3610884289692062	0.0115424860051421	1.0456101839077354
0.248493	-0.0235154316875573	0.3781849415061552	0.3245921886229917	-0.0296760915520749	-1.2695721182498487	0.4536646458695659
0.248469	-1.2273996935711065	-0.1811107124527400	-2.7161590884972044	-0.1234116541160074	0.2599702834596938	0.6091041075175291
0.247462	-0.2260210251652013	0.8298139226293529	-0.0838950021924757	0.4599203279622957	0.1478616203821976	0.1770385349923586
0.247077	-0.0379092644388245	-0.1071582930659042	0.0249483552661629	-1.2527747952404822	-0.6297696702974884	0.6213946680849011
0.245702	1.7695805557134465	0.5229884348380371	3.0536178647206205	-0.2655191946942937	-0.1434473124457606	0.1128653699560690
0.244805	-0.7958159731653209	0.0909192832747617	0.4578896783292667	-0.0266529983169430	0.4505000869446893	-0.7895059797583607
0.243407	-0.1430728348819698	-0.5446560331457230	0.0682898950777346	-0.0443763401959554	-0.6826076047305980	-0.2484813088234750
0.239464	0.3913193110387993	0.8997825292183981	0.1847129665504396	-0.9246945152588005	0.2588729220169631	-0.2899970803496713
0.237983	0.0086780794125136	-0.2266265765091952	-0.7377055296260159	0.1904233219024933	0.2844576619086915	-0.5558585267092017
0.232899	-0.1341445132252813	-0.3755524301744093	-0.4079829154232104	-0.4012326361403877	0.2065975355260153	-0.6243864525825417
0.231757	1.2173197183478466	1.2191386943443301	-0.4464322094059703	0.3511039560151453	0.3297989735331139	0.0277458606517254
0.231751	0.4827600622271931	-0.3942472096308516	0.3284414426244046	-0.5840632912482039	-0.4678633796975530	-0.2199265857652895
0.231373	-0.2300488127508026	0.1423874543089124	0.0676165452970978	0.2123179666278277	1.1331246063455194	-0.0799107711002257
0.228658	0.8143110456832734	-0.1935898089650115	1.1458810009028229	-0.0887140343170814	-0.1985054000715990	-0.1979274385454743
0.228501	-0.4162374712861407	-0.0421443354934806	-0.2711287812240671	0.9555883948121895	0.4671340244211667	0.4950311901484908
0.228056	0.9403220805921441	-0.6203408238121010	0.0519933389134841	0.2223624083521017	0.1796919437069842	0.7585944856783504
0.224617	-0.0369078825263117	0.2981193632183698	0.2384776785171418	0.6516947946717455	0.3557349316138892	-0.0043541077509089
0.221254	-0.6645269930994787	-0.2985330291871209	0.7102642559839162	0.0556028026623738	-0.1630454790046845	-0.5138379365113969
0.218197	-0.9769477098610025	-1.4591754372332104	0.1727355076038254	0.1793437479084561	-0.0637148383101951	-0.4050315733648223
0.214640	-0.0588328545938315	-0.3219279101447264	0.2111285731750756	0.4538286998005330	0.4700521273838514	0.5302099605093137
0.214111	-0.0736520781298152	0.1934800950220024	0.0753922421831613	-0.3765867584543603	0.1278706600522441	0.0991725175442563
0.213436	0.2601762728324813	-0.0155959914965973	0.3598087846178897	0.5503574625856827	0.7043719566909713	0.2828726090071196
0.212825	-0.1915928498778999	0.4842339917283419	-0.4748705607556631	0.6380055181450587	0.4660461340516301	-0.4557380522666414
0.212116	1.0081482354501115	-0.4183534079070207	-0.2939552138743358	0.2097375005214686	0.5064913521675608	0.6719142624063201
0.211023	0.0021365923392798	1.1600699613883534	0.0029153122904410	-0.9641418980309140	0.3601519687944717	0.2772390796467371
0.211010	0.2578462063188954	-0.1720281915253259	0.2245461660941158	0.7655527034057615	-0.6905390097881769	-0.8816256542193547
0.208193	0.9177065321817233	-0.9204353137213506	0.6200916101662366	0.2469272146603449	-0.2433057313636558	0.0495673149273554
0.208182	0.6307490710313266	0.3439234610111108	1.7622230291330736	0.2788119286807391	0.1404911463035148	0.5195214980497875
0.206528	0.4405981598495471	0.2190705410995135	0.1188485712389506	0.2458609882475135	0.3130225202583248	-1.1144763388367949
0.206378	0.4879707006094017	-0.1545060174449960	0.9426594429733701	0.2122267135630216	-0.6599084487760133	-0.2147062665252857
0.206293	-1.4348908353608649	0.0246751511694612	-0.7434216826666005	-0.4958727618538856	-0.0840805839832576	-0.2502952570258563
0.206131	0.0272766313653158	0.0671884957841504	0.5253813363173160	0.3655193124151102	0.2162426346697316	-0.3959796729145650
0.205022	-0.6898617081072937	0.2657338280967872	0.4591202662733929	0.2303324626623655	0.0059446831576314	-0.8370187801801944
0.204865	0.2196833960275474	-0.0594865158867624	-0.3210027896027725	1.0536077877974233	0.6773376117344426	-0.2770428649202207
0.202783	-0.0013070061516370	-0.2197860149692109	-0.1714433023032257	-1.2921851537999789	0.6557580037257238	-0.6144540247779239
0.202153	-0.2893028996320614	0.0292168602794106	-0.0750649313034798	-0.1533517645902823	0.5536350302003328	-0.3025849794720800
0.201916	-0.1161307894395399	0.2606886323934980	0.2214018755679319	0.2624210368063610	-0.1789022194886500	-0.6563584337107783
0.200753	-0.3599308538268376	-0.3129286578623935	0.5909042054925482	-0.5597333359825548	0.1129611434314012	-0.9989046552510795
0.200603	-0.2532210230113834	0.1044600567163848	0.5351492528767262	0.1079011568280660	0.1745809949580223	-0.2355052356125208
0.198859	-0.3182026576453260	0.4635579967967912	0.4328555682912112	0.4009165294453598	-0.1235442964664838	0.0873372922301391
0.198573	0.1843858750332311	0.1702016153539714	0.0001126695509085	-0.1923958256830715	0.4996025417042623	-0.4441628415968858
0.198105	-1.2944994059890886	0.0965554220539008	0.4912050031665200	-0.1889822598356978	-0.1613051902369223	0.5141643085927414
0.195623	-0.2147577127984636	0.3040432431961096	0.1737296595326428	-0.1486691720599089	0.5712927505793745	-0.1775546446423720
0.194967	0.2424464956794707	0.0226585604195038	-0.0002095640351962	0.1372936780547996	0.0895091834272045	0.4738595432973877
0.194371	-0.1065587772525575	0.1576610453890855	-0.0305879024499064	0.1267227171166334	0.6224548735116062	0.0352015784220814
0.193025	0.1488896844939333	0.0259445072159660	0.4071194734324150	0.0300535272012365	0.7940844786046521	0.0033939899005667
0.191574	-0.3425257021772419	-0.7330041358816802	0.3500066124858690	0.7778078145644867	0.1027878313334142	-0.4975862381394604
0.190065	-0.3764302528824842	0.9353604121879913	0.5035877404409114	-0.3726610873267887	0.0706626957905332	-0.2493925946896202
0.189970	-0.1440034275006749	0.1636775246796485	-0.0162198969202195	-0.9468073458670014	-0.1786834090422172	0.9095890674109033
0.189367	0.0263619595737711	0.7294543686696595	-0.1034896988628378	0.4266974530678353	-0.1673756743732671	-0.9036972076278758
0.187175	0.6518728937336121	-0.0617936802612807	0.5652366155427545	-0.0659554720086849	-0.5131095553253616	-0.6192478272653351
0.186932	0.0857964492026802	0.1981511603282252	0.0109391939695116	-0.2557818355974472	-0.3509694732908950	-0.8405094624477926
0.184748	2.2783420347534773	2.5365648465830635	2.4677236799072020	-0.0914365290798305	-0.4579253748493062	-0.2912569888295680
0.184668	0.4281915608088544	-0.0134249061753037	-0.3697389226863471	0.4212527080212096	0.5977150267268482	0.1909755870383564
0.183920	0.4635864888747954	-0.3461016625702256	0.3926389691042347	0.1107129993841612	0.1964096514256267	-0.2768410742697769
0.182662	-0.0312969208355970	0.2298040063380526	-0.3277438034075654	-0.4388747219299506	0.4290428319263982	0.0361186554511860
0.181693	0.1556992592540815	0.4978694114072267	0.0739227970719868	-0.3180718947361051	0.5812519610988069	-0.2094173604700104
0.179944	0.2366473241910425	-0.1848630824669515	-0.1502386927913510	0.5548962349746513	-0.2060311124338923	0.7340687357449653
0.178932	0.1687699640706312	-6.3806073679833357	1.6588498590196710	0.1264015123133872	-0.1244128600893380	0.0434734292816317
0.178906	0.1478892123324386	-0.9472181521704378	0.9481429545628856	-0.0031215496809932	-0.1695398743307587	-0.2243514341715665
0.176646	0.8913109598527665	-0.0485005498680237	0.4524485224436402	-0.1137301630399983	-0.4448239831892010	-0.4794809136166208
0.174387	-0.7315163180722289	1.2021457609297674	0.7187044301782616	-0.2048950861191172	0.1236742677502985	0.6643855698135276
0.173352	0.7879865215171197	0.1249407230122518	-0.1407429016243893	-0.0544203061971073	0.6127687287112705	0.2084239508550369
0.173233	0.4460633780437971	0.3282585122261985	0.1802279842933257	-0.5471883060922059	-0.8164276344685273	1.0755342321220396
0.171573	0.4319771273092081	0.7462300203355923	-0.3914533662885079	0.2094934354968611	-0.0210364194470024	0.0941005194684692
0.171305	0.8380618320604718	-0.5311920017392162	0.1772714705572465	0.4249764418532159	0.1559886296313170	-0.1990859949579445
0.170565	0.3355556317818574	0.0015696819472691	0.0583664550667709	0.1701735551778799	0.2559720621704910	-0.3742274810768399
0.170144	0.1740116899793172	-0.0515023351153461	0.3690491314299587	0.3809507007711502	0.3259035484179609	-0.3659025583107282
0.168024	0.4600969877393954	-0.0786030084406626	-0.2747036302549179	0.0400411399129706	0.3284410181282732	0.2514495564772975
0.166451	0.2886898826052660	0.2730944986631413	-0.2941975175800164	-0.6303745748041594	0.5472237433255394	0.4061431736102142
0.166103	-0.7610109081689977	2.9766966259493954	-1.0742320314938099	0.2368260409580227	0.2253645965522471	-0.1656103513860999
0.165931	-0.5927874830024581	0.9157332674660634	1.2909618163812864	-0.0045980089735677	-0.5978041138139849	0.3131138020019274
0.163038	0.3537793828901512	0.1889140761231979	0.5445709096551745	-0.4002762834961859	0.2766963557451891	-0.6905035366194917
0.162783	-0.5824873171262773	-0.9037683735254398	0.5799562997848223	-0.2951535789692309	0.2486523785565572	-0.0954330477729120
0.162738	0.2721853011506973	-0.1275773098399823	0.5121469299507653	0.6932665043873328	0.0764656902829925	-0.3026164259603685
0.161240	0.0330244747147913	0.1039773039700487	0.3337933250199571	0.2129707497146841	0.1465325026677549	1.0286450676664005
0.160734	0.0461244541307502	0.0168689264404154	0.0535722106386540	-0.8066765082995132	-0.0174947235745126	-0.9341634141527052
0.160711	-2.1186199279175111	-1.2108227382277943	0.3063505921333227	0.0572801935545893	-0.4023380285791421	-0.0882978732180991
0.160566	0.4968459139493536	-0.2149300635003505	0.2470307364381137	-0.3188773296267550	0.5528047818136517	-0.7689101658757396
0.160125	0.4362481687218617	0.0533944413269516	-0.5279421222441990	-0.0176870856657142	-0.5597008771622047	0.0509304108696120
0.159927	0.7325556397471137	0.2718053899844620	1.0688235671004953	-0.4082223785826432	-0.6128212038846980	0.4503011456000305
0.159394	-0.0273720383885729	0.4387981793881640	0.3601412486009728	-0.1490690584347666	-0.0953086297399846	-0.6038715182025928
0.159043	1.3261647911572998	2.6967136123748086	0.5518035186146383	0.1165318719348833	-0.4400682036833258	-0.0440185514414970
0.158584	-0.0322254554873382	-0.2486584064352724	0.2217652536351744	-0.1313285970252981	0.8599106716407736	0.3433409960581000
0.158089	-0.1764711859852154	-0.1793633360952234	0.0533734133292346	-0.2814807839192868	-0.5299137565306997	-0.0282336571469036
0.157615	0.1739919529249657	-0.3529686098883673	0.5816804920889165	-0.8350230147069521	0.7636148876453047	0.4219963047477918
0.156532	-0.1154957025540401	0.3499478941069802	1.9536115023260427	-0.2123829805009927	-0.1650278856228906	-0.0778090102831970
0.156480	0.0478921271767015	-0.5309239201904526	-1.2339141371509104	-0.6397116555316085	0.2568130011407024	-0.0655005494946628
0.153918	0.3075340240814891	0.0066979699760430	0.1451827932709715	0.5443149061099508	-0.2145683865150766	-1.0101914562801817
0.153439	1.0842498099895135	-0.2342668041998601	-0.8084469737788583	-0.3288558768896184	0.0510804721658402	0.1107250425597715
0.153212	-0.0066908032492451	0.2415023886066939	0.1039305921249164	-0.0800479473433520	-0.2636040165004933	-0.5233736112963260
0.152850	0.0238801706146103	-0.5673910390520590	0.1104163870271257	-0.3310706898465257	0.5799343257836469	0.3759533972651580
0.152488	0.6719743364962703	-0.5580822405597102	0.0593557926855367	0.0109149740167846	0.1519818713370417	-0.3074576070483004
0.149861	-0.4839862425698059	0.4353583500392772	0.0260089139112090	0.3745703907775554	0.9818125742668321	0.9436559144654765
0.148717	0.5572242596924817	-0.0723477613595161	0.4206752551953983	-0.0634890486183859	1.0689954786714806	0.1291994907983307
0.148365	-0.4093459016587649	-0.2106416994394236	-0.2636288881205598	0.0215243306291399	0.9732480918930626	0.1863802269314981
0.147920	0.5495995866870147	0.1674880170509006	0.0032098476007744	-0.2979120496701972	0.6839021558480975	1.1727936080093702
0.147727	0.0630313921929509	0.0630135951815732	0.3645845916136122	-0.0731340548683958	0.6964456974072974	0.6900718224828506
0.147460	0.1268219596990834	0.3178393621299779	0.0709165497215748	-0.2128089356131695	0.2133385055812028	-0.2806216387735001
0.147278	0.2616458112266662	0.4452348440304589	-0.1775748327657211	-0.1550893556878511	-0.1866328210597393	-0.0879887264176585
0.146604	0.6708994354519390	-0.0248584709074644	-0.1346579448714546	-0.1823931660169514	0.3827453508856651	-0.2817164511876344
0.145998	-0.6718188349225075	0.0908360678534171	0.0606720750163000	0.6885946827519783	0.4926688440673357	-0.0038792946180976
0.145823	-0.3025162795985014	0.3779644828484103	-0.2986378375222847	-0.2291910031630611	-0.2184989549046283	0.1050447557776484
0.144340	-0.3451859183581754	0.3565835796237438	0.2630483811808763	0.9353177079750340	-0.4432202018806400	0.0924193281321526
0.144182	-0.3476378540403443	1.3384288195898613	-1.1591269391880703	0.0609726853940766	0.4951798186281441	-0.2627485079051359
0.143881	-0.2873056371094871	0.1621531173617484	-0.0331797947889638	-0.9817233435138077	0.0807869873001778	-0.1624542439628696
0.143570	0.4612700665566208	0.0121814682990480	0.4469818087685035	-0.2810402889068919	0.3768217775969193	-0.5338647988221354
0.143010	-0.7972951168978554	0.4682822352499612	-0.8656710640727824	0.3995807746388523	0.0521371093435654	0.7681860140102944
0.142840	0.1628594467548004	-0.1451826273186917	-0.8424002275422724	-0.7163784304034210	0.4979094667721739	-0.7435223380255662
0.142466	0.2687899096005796	0.1361570132254639	0.2451605074641591	-0.0403688401476189	-0.8542774174395183	-0.8101734392179563
0.140913	0.3025523429028071	-0.1292506858066920	-0.5095044244956832	-0.1170422763278024	0.3313092385723075	-0.0263054321807772
0.140566	-0.1439242655603334	0.2537880773101293	-0.1007996117913717	-0.1659357846521650	0.0359554140635029	0.8838560238249081
0.140418	-0.2223311508999424	-0.0095553472866918	1.4895252238163539	0.0346375878385521	-0.5094878300002542	-0.2503954105994838
0.139776	-0.1002266811199635	0.1983764800224975	-0.3021893719421150	0.8139812534102463	0.0282847652691610	-0.1160688746653628
0.139117	0.2258219795404765	-0.3848693733245803	-0.5885943275184492	0.4851367326865706	0.3594834604622340	0.5749708026115307
0.138059	-0.0709228277309095	0.4518837264019193	-0.1912311900017161	0.1410533532062976	0.5232061875641066	-0.6032120408151397
0.136529	0.6033061192182322	1.1876232178235722	0.5258880160479380	-0.3751141202041208	-0.4569834217109366	-0.0276339536572627
0.135904	-0.5772097996265100	0.2809102817153476	0.0029377897396174	-0.6470154750179641	0.6423602420759210	-0.0417095115739500
0.135503	-0.0911377648825263	0.6986945372941921	0.2968402847961387	0.2092821965892362	0.5155106720735126	0.2439024156935120
0.135455	-0.2404489314523058	0.2616372241848606	0.1463986185345885	0.9607565963857438	0.0749007039806911	-0.8808870518753356
0.134662	-0.3449783873826952	-0.0886005152582690	0.2098575564766181	0.0444031743591131	-0.2489243651139223	-0.0040641705956527
0.134650	0.1830974230442912	0.5181973771454359	-0.3676868146517502	0.5266908782305647	0.8758900115314965	0.0305898080504786
0.134336	0.2346597139455458	1.3134405150241648	-0.2047994080066947	0.4467264290931044	-0.3988537381899925	-0.3278517123891110
0.133785	-0.3642892571661503	-0.0050193448169449	-0.1155181524887909	-1.0166510782188221	-0.3442410372975866	-0.3416592365723294
0.133140	-0.0816800822384242	0.5231892551553028	0.2684712816146397	0.1296696961487142	-0.4577419400574472	0.8843746867617385
0.132672	-0.2502442292343702	-0.0392410283491048	-0.1676075341699056	0.5129150255260240	0.9025925295880965	-0.1467039306565659
0.132456	-0.0519707779408768	0.1077367017745295	-0.0301266549152141	0.6646690191907408	0.4918349288862982	-0.7602459380846466
0.132018	1.6818559756619067	-1.0300036595072617	0.5378954570589308	-0.0821838543987653	0.4113723313450796	0.2402774538405097
0.131843	0.4764898898900481	0.9425784447594865	0.1266555704394673	0.3083088767634172	-0.2635463277506259	-0.5010067924790764
0.131566	0.0559545364006258	0.0737030374713256	-0.0553728125717221	0.9246078953887618	-0.4641306824398704	-0.2491346403902774
0.131141	0.0823332896561507	0.1808305860678250	-0.3199984031743413	-0.4416179142510802	-0.0172253649472114	-0.7438656487124359
0.130736	-0.3222102445110397	0.0101827276148398	-0.1197773734672493	-0.0371247071194493	-0.2372083264388235	0.2237428700251477
0.129125	0.2829110043870329	0.0762201902878412	0.3285306563967534	0.5395067700971757	-0.2997870051343238	-0.7276401399618748
0.128695	-1.9520454296381629	1.6817491023921276	-1.4438513100711916	0.0667951247444831	-0.1382842881524092	0.2959603212103946
0.128000	0.3978074869780565	-0.5649524653231563	0.0750231502914080	-0.1555472437753754	-0.2717760714583297	-0.5958644437230540
0.127956	-1.0093096513698780	0.4714068839202263	0.9643998694367661	0.0805764011753774	-0.2180767878918211	0.1625167222986061
0.127379	-0.1078338898616829	-0.0508716112235604	0.3469645595276126	-1.1158349385335544	-0.6008552541349372	0.1352841947042781
0.126611	2.5879608553981099	0.3776410987442342	-1.4897550921733340	0.2085091716944999	0.0512696225470987	-0.0764247921884394
0.125092	0.1281060535836963	0.4311747474337430	-0.2270661028496851	-0.1547783105108107	0.4568650926632968	0.0060919522860323
0.124991	-0.2135015828647576	0.0327677644423024	-0.5982242286442241	0.2456164116759493	0.4166777037678513	0.0438719831957039
0.124293	0.5684500645002603	-1.0973699016558802	-0.8006092096330765	0.4301336574305124	0.0478313793340421	0.1972532130563920
0.122443	0.1276237365502222	-0.1193694694741188	-0.2873063473908918	0.4791922872154320	-0.2717842139488305	-0.1952927117632209
0.122239	0.9705647794738691	0.4674666787754583	-0.3174867801698906	0.3514322950176067	0.2365297746691309	-0.1625577031046496
0.121648	0.0852315732954273	0.4082096285050759	0.1123088222008684	-0.0947255515140221	0.0640454991474131	-0.3848698208279587
0.121619	-0.2960048163276330	0.2707002682455548	1.1608278478321830	0.3406292652232935	0.5669796986236759	0.9337486295123685
0.121170	-0.0065470981644006	1.4218558230466258	0.6253310985597222	0.0355827828635469	-0.2866813181238132	-0.1097462389864804
0.120793	0.0964808559910454	0.6735714743012985	-0.7367268929184670	0.0231645709374201	0.6074779919168725	-0.3467714375789712
0.120792	1.3152288345294512	-1.0470927908039809	1.4743873317716751	0.0587948008503849	0.1623482244608089	0.1637251211297473
0.120467	0.7032580730748187	-0.0062054337589089	0.2505615886812497	0.5818303335483078	0.2247660681312975	0.3288835230328472
0.120246	0.2159656324134647	0.3033737423356341	-0.1864275473410933	-0.4479303952553779	0.6879360449764931	-0.7399255565758579
0.120223	-0.3579847155079954	-0.5354899920145899	-0.4185776109342270	-0.3624244124140936	0.2208777782204406	0.7087956001049962
0.120098	0.3144758319601407	0.7227461021788272	0.0274134180145566	0.3235506036476197	-0.1937688281308578	-0.9048357885256114
0.119956	0.9210885559310991	-0.4038790990160574	0.4740510934671145	-0.0003332955123138	-0.4627361835229419	-1.0028300117061362
0.119413	-0.3358199354503905	0.4013673677088034	-0.1544463779803322	1.2143909398325854	-0.3089337333148544	0.5468976259418873
0.118639	1.5459646503631981	0.1195327689927377	1.2423770647713479	-0.0267568330085805	-0.0429406981504356	0.4303578326544700
0.117683	0.5150915195427449	0.9588736246619659	0.0288788631002547	0.2057207850093650	-0.1631101540428976	0.1592828892964134
0.117424	-0.2953075225108287	0.3229283650470486	-0.2363904253887777	0.3154459699898194	0.4618081699785472	1.0254299838754191
0.117355	-0.3210914663954362	-0.0766830420323295	0.0836278431373627	-0.6776280465660789	-0.1720469508838795	-0.0828349104433522
0.115474	-0.1327891650127482	-0.1518931225247269	0.2612913309297008	0.0680770488721408	-0.0058535416020127	0.5101572116557055
0.115006	-0.0945911796909271	0.1153865758149260	-0.7004511938952775	-0.2899269545531925	0.7317256362461058	0.6069521002700174
0.114952	-0.2698858808972988	0.4618448499083173	-0.2713178089705251	0.2330881492511223	-0.1227425999299253	0.1970568506818519
0.114266	-0.1039155213419257	-0.4469362317893085	1.5020046119623371	0.1095356847194064	0.1336439831422625	-0.1776017556583097
0.113438	-0.5025762543899832	-0.7330591139507929	0.3657334411478612	0.7764639308886013	-0.4234876384188450	0.0113602486566048
0.113217	-0.5488802351161574	0.2742407322522243	-0.1713573725560386	-0.0585509330706046	-0.1492580113895155	0.9799409176928261
0.112033	-0.6026540815299732	-0.4842016303127903	-2.5312455207582429	0.0693366530597193	0.6390106223500546	-0.2157851940720736
0.111319	0.2471489926585583	0.5984903808154051	0.7269990806913255	0.0200509831958435	-0.3702052191469540	0.6939066082170564
0.109913	-0.0563136912327836	-0.1090614025997314	1.4145328832316963	0.1230967284144900	-0.0016460932127960	-0.5254986502028994
0.108356	-0.5294534056283473	-0.4975751196342743	0.8805018760648409	-0.1420599406818725	-0.3832144588313082	0.1696897513232631
0.107071	1.2349621198790268	-6.4617499421898348	2.9552387976270729	0.0579151611681162	0.1693974012576955	0.1157947226277429
0.106753	0.6482019520610908	0.9721036484127221	0.5034650027151295	-0.1656857931893721	-0.9198385659521362	-0.1620137024557792
0.106716	0.1965493328283188	-0.2596422361047310	0.1745912233276318	-0.6225509133333699	-0.8015642491360452	0.7912028932380714
0.106432	-0.0611725002881448	0.0534084262518080	0.0117451520201064	0.0905675540188904	-0.6103964478324109	-0.0631113689230331
0.106367	-0.3829815043905924	0.4535771222215260	0.1392838764101088	-0.2101359916682336	0.4260972593988921	-0.4632262796258486
0.105784	0.2461396428629551	0.0874134568619475	0.2565596989066089	-0.0622475921816923	-0.0559210306436814	-0.3994060226128782
0.105761	-0.4533143299162471	0.3752294325698502	-0.2125064902151182	-0.2138185042753954	-0.4843121927088209	1.0100407259146014
0.105510	0.3967780578357443	0.5602590171216774	-0.4143306807471636	0.2229498106650965	-0.0862457929889166	-0.0705329886198837
0.104092	0.8861821207643191	1.1704028274363030	0.5218559272986887	-0.1060761307130292	-0.2564629549294241	0.0955661633676193
0.103839	-0.1855004127642091	-0.5887589404405227	-0.0667231482948636	0.7304475395387271	0.4002536050366144	-0.6343067750535500
0.103590	1.3215929254591878	0.5843191012734854	-0.0804712931912641	0.4543636960499618	0.0012534756681796	0.1509865358924668
0.103333	0.2146863639856845	0.1925963228287159	-0.3579900804790651	0.0881754705947872	-0.1126925440352619	0.6225447139747278
0.102856	-0.9122461385481765	0.8619863066187795	1.1957832526364609	-0.4383156778245984	0.2104800392048378	-0.6539082332309138
0.102398	0.8219561979686738	0.4796714953082701	-0.3289172149498148	0.1358163032986674	0.4946372834781760	0.1142952805962429
0.101131	-0.0767236239217341	0.0773625348890072	-0.5243269794652939	0.4525885780521444	0.2164701526539656	0.3467845816749420
0.100538	-0.3246655278760284	0.5881251804674628	-0.0549440720300625	-0.3292922156726407	0.0335065972584134	0.1044722274150206
0.100058	0.4137717464478252	-4.0058070164364672	-2.0485380010091263	-0.0833916468959924	0.3785933222091539	0.0032569119802950
0.099971	-0.1612182300938277	-0.1842676973251678	0.0514913073041077	-1.4360585794727978	-0.0810816530036431	0.2303186528430363
0.099830	0.3621942735775161	-0.7801584985008100	1.0853118712392862	0.5445891462566114	0.2284906038318019	-0.0480610952744249
0.099825	1.2065011905562502	-0.0268821073278859	0.1021213305280392	-0.3988485292305777	0.3799199619821473	-0.5568781757348367
0.099649	-2.0557372152934534	-0.5357695442620173	0.7809621291501309	-0.4639162302652951	-0.1670824809915570	-0.1744852181879051
0.099622	-0.1491033104397723	-1.5278096609984115	0.2849103840266168	-0.5246062372821801	-0.6063736009723615	0.2428040806993909
0.099478	1.7363831936952667	-2.0340274589375644	-4.8905939402074114	0.0796135972224822	-0.2333106753896065	0.1436343061949208
0.099412	0.7202487647683619	-0.5638665675977161	-1.0822905251020427	-0.3671272276859733	-0.2117039805695931	0.2876949593983220
0.099034	0.0905906913074004	-0.2327980653645408	0.9492579672237386	-0.5069217848061077	-0.3902537733639151	-0.0921068512888859
0.098208	0.4055353202843603	1.7457895548280766	0.1392919263294532	-0.0091401278494264	0.4273437953758964	0.3366219792613173
0.098130	0.3241046947328163	0.3632034355005040	0.7202776400779002	0.1504637421654320	-0.8517991614466069	-0.5977908289215802
0.097972	-0.7200810488743193	0.5207618685989451	0.5579460492595492	-0.2102384938548868	0.2723654066787687	0.2648964556690933
0.097669	0.2717147307081746	-0.0005667517751063	-0.0581063724352230	-0.2797606993942906	-0.3874969310548136	0.0965480047481801
0.097561	0.1246414932124810	0.0214024190289514	0.1222172548202684	-0.7287584551807357	-0.7062083500597758	-0.6804191503228740
0.097392	-0.1702760179983102	0.3752988902037501	0.0757026802897879	-0.6582266513780339	0.2239658402234301	1.0996617677845457
0.096826	-0.2023075087435940	0.0822088365256409	0.0750335860802994	0.1454004777845867	-0.4954573261190751	-0.7001907366339881
0.096649	-0.0859675022800519	0.3393912202484765	-1.0777069426342860	0.3185592927131453	-0.3749419554957496	-0.0076411182077925
0.096618	-0.2531582426038639	0.5168989559163272	-0.0014600148652161	0.1718621287880891	-0.0474793417091874	-0.9590990633003779
0.096283	-2.4607776922531270	0.3808722456318362	-0.7095910753424156	-0.2226715533831220	0.3105489696449550	-0.0829560279039784
0.095118	0.2223175142385172	0.1403549921898593	1.0803996817399546	-0.7581002512676783	-0.2222302538105672	-0.1221886694029888
0.094208	-3.2150272446479162	-0.3735595081932195	0.8787821295885667	0.2294833314657626	-0.2446524246072138	0.0501069651396072
0.094124	-0.4814689254910177	0.5981052482091095	-0.0045200194357394	0.1710168165874702	0.1448964637038780	-0.2215533144191381
0.093554	0.4846170778592291	-0.0365089857946322	0.1564232241142939	0.6600321142694373	-0.1258677534465996	-0.1446024280295977
0.093509	-0.3005205091672575	0.7297159238354781	0.3641028536722715	0.4195697263518003	0.4004218312786372	-0.2694540844862112
0.093070	0.7479353341043037	0.7332008780174341	-0.5817814433685540	-0.3459073363012501	-0.1650392602043052	0.3190989838502392
0.091405	-0.4574771252052718	0.8055150388016052	-0.8111905601095221	-0.5474892137542993	0.0137363818178186	-0.1475645788629694
0.090933	-0.1908279991341627	0.3168832950875029	0.1058802128932982	-0.5970895508435821	0.7012490519402944	-0.0434692570560818
0.090681	0.3127428089358349	-0.0239888548981637	-0.2456620415485061	-0.1615548160672079	0.4201309273678975	-0.3543330262549196
0.090433	-0.1112232974225355	0.2049340760972491	-0.0076830888561815	0.0247671188099588	-0.3429744116754190	0.5364999356088548
0.089819	0.3158531517562437	0.8169673497700898	0.0553955298460761	1.0456387621689265	-0.3922224902995185	0.0314500493323505
0.089172	-0.0400840959604238	-0.2609893604668612	0.4396909199753610	0.5755400431711069	-0.3836557616577295	-0.0807824761972011
0.089088	-0.4706642259168839	0.0454892562026131	0.4963487069882363	-1.2149481161400655	-0.5260051157863828	-0.2357166787225659
0.088707	0.0993440247263652	0.3424500068558377	0.5484047442312140	1.2392033188075542	0.2995978082155037	-0.2013790980013013
0.088537	0.2316627959979136	0.0377179807767521	-0.2442313924981425	0.7449965547444986	0.2132529655195005	0.0810374583141168
0.088109	-0.1737671615787409	0.5083693070124745	-0.1439619926691197	0.2740851291858522	0.0541509664442667	-0.7650411084120755
0.087917	0.2722052871447198	0.1256404505450460	0.3491087032370984	-0.3209486028598719	0.8734320734830394	0.9734726582442780
0.087312	-0.1773815160840848	-0.8725809575584164	-0.2213717268974325	0.8102643548463272	-0.3171476892142746	-0.5038815384666633
0.087115	-0.4182175733224225	0.1972992710805374	-0.1419573948675519	0.3311691701071057	0.3064568043726396	-0.2029098666266377
0.086956	0.4517454715870599	-0.8112909364089288	2.3326292035847986	-0.3073231256754732	-0.2974678382003453	0.5313972911866429
0.086848	0.8508937017057711	0.7753157487157114	0.8934065826221301	0.3102132444345450	-0.3349698651056766	0.5702565684510232
0.086774	-0.6521848944945823	-0.1538302071364465	-0.3008322356903914	0.7392030154480382	0.1396844477751243	0.6599706425973201
0.086273	-0.0415055366516361	0.0191573478887965	0.1317277546947358	0.7393829951265841	0.2475406428731754	-0.6150227185331474
0.085698	0.1594573296603155	0.3639273241038483	0.5652533639154421	-0.6057116056964358	0.7241792284518550	-0.2220036213657851
0.084774	1.5850410311041871	8.6941834700505431	-4.2385899506863369	0.0123595030306830	0.1823145121251230	0.1650298502345877
0.084608	0.0599953582898812	-0.0790205370101350	-0.4083286825134694	-0.4655521729982547	-1.0986149962775382	-0.0639231773282896
0.083965	-0.0411722637426255	-0.4559576803076304	0.1099898716569737	0.0965144996319464	0.2521075594793275	0.5022339219355560
0.082810	0.6602430806190843	1.0238741730286121	-0.2232905947446340	0.6992415302524401	0.2035575685521744	-0.1616666154581473
0.082120	-0.3560039535528103	-0.2849656326473812	-0.2861610717753909	0.3434580629750612	0.1358915140573738	0.9809106583505526
0.081947	-0.3164144593169556	0.1550553601749930	0.1935642417179783	-0.2222964104936242	-1.3403846078267909	0.4007071589560741
0.081238	-0.7541241664711202	-0.0530161362439369	-0.3138676965201874	-0.5029896795674251	0.1404494514787623	0.6738037434617785
0.081025	-0.0128492764898066	0.5951342302412841	-0.5047426563359253	0.1418820406187413	0.2390053195239406	0.7344360082234714
0.080909	-0.0018659688914969	0.2678190601980613	0.5320502607819478	-0.3016367797961358	0.7275414446807018	-0.2961993316346883
0.080627	0.4383761810628874	-0.1894410461295728	0.1887673087644248	0.0891321233085429	-0.0384512277038443	-0.2475019757776100
0.080595	0.1537092475660225	0.3625678057952029	-0.3728494543527390	-0.1889542559246160	-0.1065452916687763	-0.2789228976510446
0.080486	1.4644221865857368	-0.2238420824496117	0.7960515401879423	0.1968620337798358	-0.5572815019321460	0.1820372536064779
