id,mass,timestep,x,y,z,vx,vy,vz,
3174,54.146949,0,9593.74420760616,-641.556077701703,-51.9337824420219,-0.69011692622114,-220.114195140336,9.86153070733096,
3175,8.470084,0,9594.29530264528,-640.318160902339,-51.639238330562,0.132851982636806,-220.341970870681,10.456893528925,
3176,8.009735,0,9594.68060793889,-640.511341104923,-51.8224591563559,-0.106316134648107,-220.231175674533,10.1588612559172,
3177,5.636098,0,9593.16432220741,-640.232875956754,-52.6510583766597,0.136913041677613,-219.518601803386,10.7966771806514,
3178,4.4838,0,9593.60988951965,-640.039460842211,-52.1856754208584,-0.476352926631584,-220.174930736655,9.69832898889195,
3179,4.214344,0,9593.743966342,-639.98665977246,-51.8351734214038,1.01659621756892,-219.934839350869,9.19485036849713,
3180,3.943606,0,9594.46209312665,-639.725037543188,-51.672183626544,0.759821394108419,-219.828624821477,9.47463987277582,
3181,3.743817,0,9594.75568355083,-640.593007121419,-52.0398566614372,0.013101510101293,-220.48913710504,10.5618691598946,
3182,3.560987,0,9593.61053020911,-639.484932564512,-51.7460980820179,0.391850276928201,-220.382763509846,9.15356289154019,
3183,3.487977,0,9595.03151805744,-639.601145825401,-51.2340139737701,0.23278314550105,-219.914895813401,9.68324298941987,
3184,3.307806,0,9594.48556787291,-639.757884522483,-52.1371864545407,-0.772870463851634,-220.833763463274,10.4544189409965,
3185,3.182891,0,9594.65244045135,-639.779413989969,-52.4458721184061,0.37453747641337,-219.285979744227,9.24677232133844,
3186,3.129845,0,9593.5499847873,-639.780464637438,-52.3103586351456,0.154029932606846,-219.417890919224,9.71769917236893,
3187,3.012846,0,9593.34025511635,-639.619538821855,-52.2228592739724,-0.380020655935769,-220.114557099033,10.3387630109556,
3188,2.711722,0,9594.172887881,-639.466286388931,-51.7543968964661,0.0447607957969811,-220.331308232294,9.88621737380629,
3189,2.509791,0,9593.69963605493,-639.691834022482,-51.7058844521954,0.0207332986481891,-219.603892674658,10.1780549019493,
3190,2.445427,0,9593.82521015401,-637.946948401052,-51.2731896347872,0.325843223475434,-220.410096230172,9.4028227521534,
3191,2.37107,0,9593.98117877607,-640.132309469671,-51.9287667511536,-0.577753840177494,-219.108804074672,10.6946546672565,
3192,2.329507,0,9594.39415980016,-639.878318110083,-51.4312958899523,0.977486777931061,-221.053693146587,10.068044710832,
3193,2.256809,0,9593.75721742095,-638.503591361542,-51.864988301398,-0.199958824417012,-220.368503868112,10.374306811911,
3194,2.226374,0,9594.14735275646,-639.796653759333,-52.1871227022434,0.843274385974796,-220.757697031027,9.77806640069822,
3195,2.151388,0,9593.83659146586,-638.931128205783,-52.3784709569978,0.16696758427863,-219.541929984749,9.88114815895113,
3196,2.143897,0,9594.18927919324,-640.142983150023,-51.1897477839734,-0.531030639675441,-220.362194010219,10.0015434506402,
3197,2.137229,0,9593.78709907824,-639.511129225839,-52.1555336190788,0.299654407591235,-219.807400782754,9.90304953626752,
3198,2.11004,0,9595.59813877667,-640.652688861502,-51.3361380955666,0.512973326206919,-220.062694641836,9.75432240247477,
3199,2.06807,0,9594.75433959094,-639.082158062601,-52.3581058339335,0.417323226841097,-219.140459705416,10.6021072822891,
3200,1.992393,0,9594.18783428507,-639.209682330599,-52.1450107071997,0.201385389970129,-218.984516461547,10.5518182475333,
3201,1.975001,0,9593.99546955034,-640.556663892706,-52.6360345472494,0.777515780829166,-219.63118842538,10.1903216623344,
3202,1.738203,0,9594.19078137369,-639.386586267072,-52.1959462758377,-0.232551843633927,-220.170409617526,10.4486256272772,
3203,1.735476,0,9593.27714062296,-640.347980993863,-51.050753830234,-0.175990701662478,-219.858051339025,10.0304846475897,
3204,1.726052,0,9593.93979986901,-640.798202910757,-52.2141040181082,0.465388178560291,-220.005781062793,9.90735931829996,
3205,1.635695,0,9594.55253932585,-640.782633815685,-51.0816615584497,-0.554668797572174,-219.681206033856,10.315670251406,
3206,1.602583,0,9594.48637865384,-639.564742015401,-51.8515594820934,-0.358417312541914,-219.365271003097,9.40271891504944,
3207,1.584295,0,9593.71613742455,-639.50439313841,-52.392765895579,-0.136145679042421,-219.699548029397,11.2256202840302,
3208,1.583771,0,9594.91608179225,-638.52618359099,-52.5979544464071,0.400607524290623,-219.292173464154,10.0792859532117,
3209,1.456427,0,9595.42403163583,-639.987375397508,-52.1988708829262,0.413626125316173,-220.320155147969,10.444071460042,
3210,1.412219,0,9593.53647864379,-640.645725488432,-51.7168312753952,0.589802005388366,-220.887013574444,9.8626157933965,
3211,1.40824,0,9593.237890758,-640.158345132245,-52.6277868446749,0.54642316163743,-219.046878712949,9.75527526157872,
3212,1.384666,0,9593.18107166858,-640.513502990204,-51.4880982002384,-0.122558878439639,-219.710407492548,10.4365543535074,
3213,1.376366,0,9594.65842410233,-640.272947377959,-51.7565555912735,0.14109718240193,-219.887072313405,10.6859170858124,
3214,1.357664,0,9591.37353401241,-638.339248076341,-53.7951389773548,0.280047963780779,-219.605480209693,10.2508532523283,
3215,1.342349,0,9594.1155820887,-640.106831914446,-51.6943076099251,0.238458908837547,-220.331513683306,10.0169065827097,
3216,1.339812,0,9593.9482367479,-639.748607753647,-51.7920062013994,-0.206914342753505,-219.817847849253,10.4779266649592,
3217,1.287455,0,9592.89351653657,-640.470212328608,-52.7092865189932,0.635471083343878,-220.172325325542,10.0400235939253,
3218,1.272908,0,9593.86023127282,-641.292087419279,-52.2511960863365,0.257407717663866,-219.510801407594,10.6878839341524,
3219,1.267506,0,9594.70521639127,-638.517917339765,-51.6580547465766,0.137723609088694,-219.662677689202,9.90220354434135,
3220,1.258121,0,9593.11427139416,-637.570924565847,-52.4692857145504,0.1015931038024,-219.81416319408,10.041941943117,
3221,1.235098,0,9593.85666067923,-639.563815391597,-52.169408128997,-0.054613522895982,-220.715934271565,10.2515142907678,
3222,1.218729,0,9594.19939382344,-638.697261053052,-52.9298511840484,0.209610934068971,-219.827303443876,10.8228538644942,
3223,1.212436,0,9593.46736651391,-639.377414242993,-51.8373413770267,0.0131580226248764,-220.311919852852,9.94316039790794,
3224,1.210353,0,9593.45485850237,-640.264472901546,-52.3815786509031,-0.639795556448667,-220.070231192457,9.36608787781331,
3225,1.198013,0,9594.79657619006,-640.287343432528,-51.4720778169182,0.53760167925551,-219.812414705241,9.72084695485235,
3226,1.154739,0,9594.18553616838,-639.163626041566,-52.7493323147587,0.0432016052526246,-220.119086652005,10.6217648684456,
3227,1.136488,0,9592.21368444962,-639.30680743141,-52.3896239274902,0.87785571066475,-220.344818074192,9.75222225385137,
3228,1.134631,0,9593.94297678083,-640.429369445518,-52.1424236709342,0.986396187520598,-220.000019331534,9.46255901922442,
3229,1.110298,0,9592.3316960423,-640.923166235788,-50.5400951213981,0.394433799913821,-219.885538654873,9.73342107700557,
3230,1.107412,0,9593.5252076238,-639.493777955856,-52.4633883199219,0.457844345531588,-221.100965159008,10.0186790649501,
3231,1.071737,0,9594.2220178475,-639.770542097653,-52.912595212701,-0.313631170194321,-219.729147153362,10.1651333722675,
3232,1.066408,0,9594.25467734402,-640.688504016632,-51.0211938180535,-0.328917770834861,-220.32571807643,9.76482557026149,
3233,1.04454,0,9594.54980213427,-639.354246939063,-52.4097717898967,0.232125467613051,-219.6165201629,9.83661669086069,
3234,1.029544,0,9594.03984203448,-640.34032361868,-52.5825140816377,0.250823329924089,-220.092958065759,9.59209985797061,
3235,1.017603,0,9594.09141081407,-639.499170985819,-52.4048211462491,0.677306849605641,-219.774420091351,9.80292293851689,
3236,1.008609,0,9594.05653549824,-640.057302284206,-52.6977386712654,0.065009948444245,-219.783286185212,9.97454969282372,
3237,0.992251,0,9594.13894446296,-638.692671857944,-52.3284702728921,-0.339022293306347,-220.032300745823,9.61485532807441,
3238,0.967567,0,9593.33200873978,-639.886986276139,-51.8954697140582,-0.200698902580172,-220.336102414287,9.96428788112215,
3239,0.943592,0,9593.56967858822,-640.246405308994,-52.1410972978214,-0.422314258935376,-219.38015348539,9.97539207194533,
3240,0.928787,0,9594.5163153066,-639.67197655897,-52.0812601565042,-0.473685589133061,-220.151134792233,9.62504810240668,
3241,0.927785,0,9593.73900238422,-639.280264267847,-52.791813223709,-0.194479739481843,-219.685348088304,10.3983021823553,
3242,0.926104,0,9593.71574707066,-639.724455674382,-52.3848476605077,-0.096289879660098,-220.124178594897,11.0705621954362,
3243,0.912323,0,9593.85732440456,-639.770656833879,-52.0648386468752,0.111011535316493,-219.137849286345,9.33990661761664,
3244,0.910055,0,9594.15064364712,-639.261400957855,-51.9379866403286,0.0890758200088329,-219.845225464519,9.66892690863362,
3245,0.892082,0,9594.4623313465,-638.749002022343,-51.1406033511296,-0.867961987267838,-219.670086973096,9.85856602142238,
3246,0.878903,0,9593.49386966048,-638.813294325696,-51.864256412106,0.271737551451862,-219.200311482202,9.8691114311787,
3247,0.869373,0,9594.26393420057,-640.591436269585,-51.6197511699614,0.697139127421815,-220.531631347068,10.0944614835001,
3248,0.844399,0,9592.61881050667,-638.686778599592,-53.131823732483,0.675218821548614,-219.982603524924,10.6633366492372,
3249,0.81866,0,9594.40099705314,-639.105653564597,-53.0371047226687,0.0988203304262212,-220.118866762233,10.5197691048831,
3250,0.816404,0,9593.30681814309,-639.987743313569,-51.6982503406159,-0.413138792274988,-219.439595243895,9.57674459798158,
3251,0.813812,0,9593.63213397189,-641.260513286022,-52.9417306080659,-0.151965024786139,-220.669336705225,10.0540080428807,
3252,0.797994,0,9593.89779551454,-641.032107008717,-52.3889704589531,0.446872667915878,-220.046701753609,10.5272577322494,
3253,0.788791,0,9594.0946596553,-640.05333016181,-52.5981624410172,0.311662956533556,-218.68498108704,9.95127459894805,
3254,0.777687,0,9594.30132174925,-639.984417416771,-51.8425511955973,-0.58344887541788,-220.042653579527,10.3196194646244,
3255,0.775191,0,9593.31808423861,-639.664446408946,-51.6801270327031,-0.313003490640864,-219.745381781796,10.9794619070238,
3256,0.771309,0,9593.72832644213,-639.044534252605,-50.4605399425149,0.403363748115928,-219.499359431917,9.85295668242098,
3257,0.770156,0,9594.9891797048,-641.472029909903,-51.8483086580611,0.0576973532967193,-219.917468206092,9.79049084507518,
3258,0.764381,0,9594.75251233804,-639.73880080568,-51.5884034604809,-0.30918008758583,-220.467532974377,10.0058676369694,
3259,0.760122,0,9592.10656316214,-641.364620848593,-52.2431244414605,0.190167590893034,-219.336064837584,9.64736684715728,
3260,0.757336,0,9593.37998443766,-639.08807308265,-50.9196016893384,0.104447797327368,-220.40690814787,9.62128799301081,
3261,0.749828,0,9593.30466508496,-639.898781227008,-51.7947158878239,1.14726744137281,-219.324404314223,9.56508057976892,
3262,0.749531,0,9594.16161795116,-640.170073280822,-52.2711404619987,-0.0824755942785059,-220.053882066521,10.0684557293152,
3263,0.743701,0,9593.67019868995,-639.672070022337,-52.2770163200899,-0.437598874451703,-219.954862408355,9.78401334088759,
3264,0.725611,0,9594.79003895022,-639.513176433474,-52.4829519893519,-0.144786394739886,-220.357170769533,10.2617155353342,
3265,0.724645,0,9593.34208484031,-639.230531787493,-52.5813147022315,0.448446811148722,-219.138609583285,9.78626183220486,
3266,0.724293,0,9594.21654146616,-639.589108966229,-51.9121466026181,-0.0540285716996207,-220.548912411781,10.4653869893782,
3267,0.72227,0,9592.93304704148,-639.942665455376,-52.3008031593094,0.364369585238135,-220.433147964638,10.8343231240384,
3268,0.718316,0,9592.13431050013,-640.666936956654,-52.4792756515157,0.025471044708665,-219.769358949391,9.74693643468071,
3269,0.709918,0,9593.84427845968,-640.723957960619,-50.7085912261632,0.925460554113586,-220.317575406191,9.48423510857669,
3270,0.700627,0,9593.92098232027,-639.711173463512,-52.1814951826383,0.264742103081266,-219.830347595692,9.94637454378337,
3271,0.700302,0,9594.03256676352,-638.165383099213,-52.134119668347,0.0275117671468942,-220.025614379793,9.38115251055407,
3272,0.697199,0,9593.23128624682,-633.504463084617,-53.5550210225017,0.152513403266332,-219.620540204404,9.88972705719368,
3273,0.694432,0,9594.261586528,-640.545979131071,-51.9809736656521,0.988272022258551,-220.320923383843,9.90134036380069,
3274,0.691436,0,9594.91325295501,-639.723312798928,-52.0381882017404,0.150271445656616,-219.711068918163,10.236570100924,
3275,0.682687,0,9594.14783282845,-638.106257451138,-51.5789515912784,-0.0060137128143101,-220.311325651432,10.6015105628063,
3276,0.67754,0,9594.26913423308,-640.109396094638,-51.6172761349722,0.0258277858744526,-219.893565718053,9.38622244390767,
3277,0.676094,0,9593.99238347673,-639.857708901602,-51.9615715284994,0.199273700078476,-219.675117918627,10.524846198474,
3278,0.663067,0,9593.76171387289,-638.802573957191,-52.8640522894802,-0.109012043424357,-219.250700478326,9.38790639433489,
3279,0.655166,0,9594.71163838581,-639.491066743297,-51.9780311689516,-0.749583015127561,-220.078583522625,10.553944943219,
3280,0.642265,0,9593.20892448037,-639.623345043307,-51.563653868616,-1.05348542308811,-219.549489891718,9.64904420101706,
3281,0.641294,0,9595.04662490727,-638.085568598757,-48.2784803401899,-0.389665764304289,-220.040196822795,10.207896557667,
3282,0.637307,0,9593.81798577021,-639.335154137419,-52.0781814039185,0.971580068705081,-219.26081336123,9.77355270904969,
3283,0.623198,0,9594.40714241915,-639.414435872204,-52.7888129398865,0.408928385963064,-220.291891364296,10.1703484950491,
3284,0.62211,0,9593.62751405199,-639.74017341376,-51.0055781779876,-0.325583488149045,-219.97190095528,10.5013481683719,
3285,0.617177,0,9594.39210385806,-639.125298305632,-51.7740889175465,-0.228764659324749,-219.628550653751,10.3116533719936,
3286,0.617043,0,9594.55619972547,-639.612341182602,-52.0410728506939,0.266290115373231,-219.680624854651,10.09420915412,
3287,0.61472,0,9592.93434271302,-641.145204900385,-51.7063284828207,0.103190662046631,-220.228207166175,9.18320638346206,
3288,0.612936,0,9593.99653771061,-639.296070380193,-52.1030626880765,1.01473686267868,-220.222612348319,10.6482196791328,
3289,0.609647,0,9594.09327540506,-640.177442552672,-52.5771602991586,-0.797242703308866,-220.140644157459,10.1869836813315,
3290,0.59623,0,9594.61104328276,-639.969077271364,-51.4776137012731,-0.491001053651736,-219.859188497418,10.0223568036885,
3291,0.595483,0,9593.83474376336,-639.726894370251,-52.6685510347975,0.172046532244061,-221.171314395698,10.7538991932454,
3292,0.583418,0,9593.17910458765,-639.292921779781,-52.9971821915581,0.054724201018516,-220.32761091584,10.2892257917917,
3293,0.583287,0,9594.37017427835,-640.032501001938,-52.0805591245972,0.606444105435664,-219.957127291327,9.42826899684965,
3294,0.575543,0,9593.72094896793,-639.887277197007,-52.1594183760509,-1.26422695867293,-220.665747749973,10.0096801971917,
3295,0.574646,0,9594.68943625973,-638.888185271238,-52.101089918877,-0.177333448934147,-219.560444389287,9.05350966948135,
3296,0.570975,0,9593.99630705396,-639.026889748426,-52.8106935835963,-0.248257529481976,-220.201158179005,10.6609677075595,
3297,0.567272,0,9592.98834468169,-638.245504473077,-51.4605360989415,0.108992708134151,-220.320583205854,9.84491242243042,
3298,0.563601,0,9594.19858477802,-639.320755540902,-51.3658063485154,-0.0729698334468709,-220.072924344601,9.74974849290235,
3299,0.563049,0,9593.72162730276,-639.428484341172,-52.1295892577336,0.511379664891781,-219.112065348233,10.1750493908751,
3300,0.561441,0,9593.58685580542,-639.809983462697,-52.4703926551825,-0.572296219662716,-219.602148600979,9.895324697463,
3301,0.561304,0,9594.49159514066,-641.432221279308,-51.7069729956824,0.39549518200299,-220.331198886349,10.213580195845,
3302,0.557563,0,9593.81692259102,-640.048995224928,-52.7014901670977,-0.371163911495176,-219.604347626382,10.29129297975,
3303,0.557405,0,9594.50078630131,-639.782365314782,-51.7385303833283,0.955858540369144,-220.550148154993,10.3309102398994,
3304,0.55605,0,9594.00320621002,-639.757617184618,-51.3709391885572,0.332951029340914,-220.426351300097,10.4060522327786,
3305,0.553108,0,9593.55705823693,-638.878360518761,-53.1925631108728,0.653772290563647,-220.717336240261,9.58485125456425,
3306,0.551292,0,9593.78691463553,-639.089911290291,-52.2079426054165,0.0662853057265022,-220.653406362863,9.29489789596447,
3307,0.550812,0,9593.6970002475,-639.581862353647,-51.472948647657,0.71189274506351,-219.868103185623,9.83479105533812,
3308,0.549354,0,9594.3763977986,-639.663254351205,-52.1519799001778,0.947865515271101,-219.873348860542,10.6481044355449,
3309,0.548353,0,9594.80282856114,-639.00825389545,-52.2635315505651,-0.37478819727401,-219.867919866867,9.62408652092004,
3310,0.542925,0,9594.66699215846,-639.576120958752,-51.8150289953066,-0.320914827355488,-220.02791123667,9.9066871930625,
3311,0.542195,0,9593.83724918049,-639.491660250036,-50.758556659661,-0.257663685199511,-219.371647831178,9.53514110421977,
3312,0.538431,0,9594.15865034794,-637.925232124665,-52.7403868511205,0.458993575291186,-219.990050514624,9.92741249013234,
3313,0.536116,0,9593.71974651944,-639.610677113938,-52.5180785255088,0.950727095441586,-219.776234078403,10.670388709023,
3314,0.535402,0,9593.95726836413,-639.180090114523,-52.1521968793271,-0.227201073042356,-220.205734147683,10.9444271701724,
3315,0.534606,0,9593.87257773443,-639.769799122459,-51.9649472449775,0.558566410242845,-219.243111146297,10.3224095812107,
3316,0.531572,0,9593.70828744813,-640.385990305173,-52.4284621585395,0.435862500574891,-220.003793032195,10.715258026077,
3317,0.526871,0,9593.75698520647,-638.58414967839,-53.2390236687839,0.148794773600725,-219.884928627773,9.46600907630411,
3318,0.525188,0,9594.06486815323,-640.217157214067,-51.9306535618991,0.20593226554995,-219.821547599839,9.6834913940722,
3319,0.525091,0,9594.33399821589,-640.13510449097,-51.8805035345864,-0.559637255021245,-220.354847756499,9.68636760394216,
3320,0.523917,0,9595.30124302964,-639.37858984303,-50.8176878579267,0.489653040418658,-220.143817256532,9.71556447407317,
3321,0.522028,0,9592.17321546434,-643.76279013507,-50.1232145829616,-0.121537913776587,-219.471238479557,9.75095575238671,
3322,0.521011,0,9593.89681287985,-639.745994957611,-52.7324499748657,-0.0894037392943581,-220.090743536512,10.5581924564221,
3323,0.517937,0,9592.22068829403,-645.03817758484,-50.3816298517423,-0.158307102522001,-220.037052908891,10.1756912923078,
3324,0.515483,0,9594.37735137696,-638.80711837797,-51.8777852622705,0.56696972761927,-220.334082419064,10.9042720402703,
3325,0.512652,0,9594.71535497986,-640.099996001537,-52.5859998409498,-0.343146056369644,-220.13495959357,10.8760309775197,
3326,0.512443,0,9593.69464337728,-639.929673894996,-51.663775932787,-0.302583083267489,-219.68022505311,9.27725607735602,
3327,0.50634,0,9594.49054945968,-639.826044959414,-49.6355421987856,0.175974536540708,-220.117325584518,10.7472588553137,
3328,0.503033,0,9594.47110622029,-639.392347138155,-51.9102954656748,0.766764243458984,-220.284066165956,9.80480682041918,
3329,0.502466,0,9594.13938653268,-639.708177972989,-52.2701236140839,0.819662635144184,-220.845932613691,11.2828589165804,
3330,0.499746,0,9594.54119369164,-638.358311964395,-52.4470028921418,0.419738530346769,-219.644242180961,10.273725894153,
3331,0.494689,0,9594.19426429458,-639.836717792434,-51.5011654492634,1.02362357812032,-220.169720063596,10.3503840968251,
3332,0.494327,0,9593.99983340332,-639.374906507277,-52.085257014497,0.623783234564277,-219.825321585349,9.85966953795028,
3333,0.493074,0,9593.60669022573,-639.78797185243,-51.3635851521794,-0.155087239056488,-219.342191634699,9.38337035585536,
3334,0.490864,0,9593.26179710221,-639.581976140824,-51.9128488441426,0.179010834907686,-220.271628636691,10.4332141244228,
3335,0.484794,0,9593.60772884754,-638.851130087805,-51.8532126758233,-0.442912537426799,-220.009537597418,9.73034905555077,
3336,0.480321,0,9594.30995620398,-639.106210505676,-51.9311655910946,0.76113069575831,-220.36559825509,9.84085240432848,
3337,0.479007,0,9591.12030291209,-639.2494609907,-53.5665861703468,0.351671406030412,-220.063040174586,10.4272755542754,
3338,0.477161,0,9595.09044978656,-638.438827352479,-52.5418686840556,0.534135473399794,-220.159262378837,9.59710547920634,
3339,0.474524,0,9594.03667607318,-639.63077979069,-50.4930406707759,0.409312545589151,-219.869214547035,9.65408013604512,
3340,0.47393,0,9595.22375763302,-639.253789961583,-51.8794271655062,0.333684069160618,-219.75662031828,10.7422560251411,
3341,0.472297,0,9594.78769586967,-640.036158927336,-51.5434676269389,-0.0792403252336372,-219.762649695242,9.59853172907606,
3342,0.469653,0,9595.54032167605,-637.047248927494,-55.8059161546388,-0.212619846273102,-220.004363569173,9.72485596001962,
3343,0.466422,0,9594.54904072369,-639.497554931276,-52.5815650133068,0.239575845530341,-220.056234266183,10.3416172676401,
3344,0.461402,0,9593.10914865028,-640.244482107541,-51.0275088155018,0.270101459416484,-219.732565908989,9.49884261051585,
3345,0.459481,0,9592.87834071943,-639.327173760554,-52.490277965855,0.0894146247148461,-219.524639216343,9.97816055241728,
3346,0.45704,0,9593.90356599059,-639.760003756236,-52.1000686783892,0.103764728646664,-219.576046255615,11.1262696417099,
3347,0.454836,0,9594.10517503983,-639.946347148488,-51.7892145769325,0.382906126858413,-219.52421351718,9.7989762581483,
3348,0.452021,0,9593.65564809038,-640.090862155686,-52.1190039592168,-0.584013477042854,-219.975594248207,9.65224554703195,
3349,0.451586,0,9594.66978854556,-639.155853005599,-51.0954129921263,0.285926134697825,-220.141979103932,10.0179863502293,
3350,0.451319,0,9594.95282636187,-641.25185929687,-52.6347684208405,-0.192597185439019,-220.484070041541,9.88112819475861,
3351,0.446659,0,9595.79877378518,-639.576331990271,-53.3467904916547,-0.229944351848532,-219.458237083394,10.2228245224783,
3352,0.446419,0,9593.54428970144,-639.038927217566,-52.7209484356428,0.16293362313192,-219.681509642778,9.67474132151414,
3353,0.445682,0,9593.57243007255,-639.010545823192,-51.9287179169758,0.448528743434611,-219.428412817439,9.25131929014367,
3354,0.445322,0,9593.77351832873,-638.888211876567,-52.1479956836929,-0.686775502472304,-219.975967691986,9.83822197316677,
3355,0.444087,0,9594.81447883612,-639.439846461479,-52.2639566927631,0.736522631797213,-219.793741511189,10.5726061120934,
3356,0.441254,0,9593.95087516104,-639.775779762235,-52.4717290041902,0.346703557704048,-219.51107659507,10.5157183248346,
3357,0.439938,0,9593.9630381322,-640.055787330834,-52.4493375101565,-0.276102698949275,-220.658173245336,9.94888021501593,
3358,0.439073,0,9594.13535988016,-639.257808700871,-50.9782205798952,0.258021748557316,-219.744917475268,9.04799505748021,
3359,0.435383,0,9594.48020416787,-640.098521531002,-52.058779739533,0.0189019873668129,-220.115377560955,10.8555639677142,
3360,0.433029,0,9595.95625049387,-640.441822480741,-52.4929880543346,-0.0674804456386625,-220.146798627948,10.0852092950283,
3361,0.431607,0,9594.45425620839,-640.431550634096,-52.1849772740072,-0.281443417776613,-220.262090826393,10.1974345727914,
3362,0.424742,0,9593.42472685964,-640.374483363421,-52.2202194619623,0.833172688296729,-219.731304076328,9.18268586226557,
3363,0.421491,0,9593.35625915186,-640.719430940014,-52.4386798009586,-0.518202062386642,-220.754276955259,9.81569492014476,
3364,0.421445,0,9596.65693413512,-642.609684592935,-52.7664792268967,0.315090745118992,-219.779656502874,9.87455610522714,
3365,0.418446,0,9592.86241260515,-640.265643372059,-52.177938466023,0.829396721846716,-220.130683400081,10.0526389509199,
3366,0.414078,0,9594.31349128124,-642.419441632106,-52.2359117455434,0.575033615735218,-220.354126031277,9.53062360787343,
3367,0.413843,0,9593.85204589282,-639.08810923222,-51.8183578105121,0.51322762405204,-219.596751014314,9.84131419616394,
3368,0.412663,0,9595.02306987085,-640.028707056802,-52.0675647492043,1.01572771270295,-220.697854377498,9.64256266823094,
3369,0.406637,0,9593.89907887382,-639.451900631762,-51.856516649324,0.393921064718325,-220.068098676019,10.1194089785861,
3370,0.404579,0,9593.71848494861,-639.464546102751,-52.3588028023776,0.466806034256638,-219.385891196494,10.1006271970751,
3371,0.402072,0,9592.76672249846,-639.530616256977,-51.2269107580254,0.745864515930442,-220.298704357179,9.75225018994883,
3372,0.400967,0,9594.72079197557,-639.222974251267,-52.4350263661103,-0.470214178774154,-220.236231216159,10.4598206128068,
3373,0.398497,0,9594.55903547894,-639.311451851544,-52.3062944344488,0.681421240147932,-219.856421905814,9.60823754535429,
3374,0.397412,0,9594.27334063206,-639.510760806032,-50.9836249919659,-0.0825950827594452,-219.812681258631,9.22335164712149,
3375,0.394063,0,9595.60449865497,-639.155029709359,-52.3073080155598,-0.286943772332555,-219.620995746682,9.91673613271109,
3376,0.392618,0,9594.50732156718,-639.381922067046,-52.9942159952956,0.547425130163559,-220.443344628287,10.2834425558681,
3377,0.391268,0,9594.29600679336,-639.840764843063,-52.5154413410824,0.599861283417804,-219.710670611206,9.51526491149375,
3378,0.390934,0,9593.76523599796,-640.185224061542,-52.374082894354,-0.188287451799163,-219.552997106547,9.56355851555353,
3379,0.389427,0,9594.00748942478,-638.906371546725,-51.5085442101036,0.0675017783106195,-219.65421022119,9.82923429247055,
3380,0.389185,0,9594.20487695078,-639.661166385988,-51.6421968389541,0.218754628170914,-219.490547151932,9.70713775666636,
3381,0.388191,0,9592.56734034392,-639.541591108427,-51.4553854570483,-0.110386669231022,-219.259818173679,9.75534619324026,
3382,0.387574,0,9593.12910402992,-638.867078278772,-51.6182867180551,-1.09001984513773,-219.642058184693,9.93870449452868,
3383,0.38725,0,9593.88843877587,-639.621394830668,-51.757638535122,0.439086507910822,-220.337555127287,10.2723414385138,
3384,0.385623,0,9594.19825005743,-640.462175913153,-52.5813287013,-0.381385429916554,-219.95045409347,9.51272615185859,
3385,0.383314,0,9593.77156422763,-639.752025002111,-52.0000790241984,0.489263199878846,-219.066419814994,11.1808269696604,
3386,0.382617,0,9595.87263826637,-640.396569357163,-50.978786247192,-0.0408356424796383,-220.157393258945,10.6531562615163,
3387,0.381732,0,9594.00509390923,-639.426097109126,-51.6992739507672,0.172848421415098,-219.763634722426,9.24152453383409,
3388,0.378283,0,9593.26164369672,-635.859950842568,-54.153269878816,0.0846637062159523,-220.080358982316,10.2871565323597,
3389,0.377223,0,9594.03764471775,-639.705576125202,-52.1979463073416,-0.450015029032567,-219.234112750933,9.82473857417512,
3390,0.375302,0,9593.51650043829,-637.136612823423,-50.6827973893527,0.0190971011960794,-220.102378894606,9.67976860881043,
3391,0.374714,0,9594.30835546088,-640.265242356732,-52.1454207438613,-1.21766896791595,-219.544085387873,9.81464930837271,
3392,0.373446,0,9595.01688519853,-639.854633889468,-50.9175822387669,-0.205407790716219,-220.591775168984,9.74505758090406,
3393,0.372728,0,9594.35636132207,-638.818989754145,-51.6409649362435,-0.0664953517669649,-219.823481923139,10.3936592256914,
3394,0.372247,0,9594.28373328484,-640.143453557203,-52.2595474288181,0.867662328546084,-220.163385345605,9.43264016211067,
3395,0.370976,0,9594.26745630409,-639.810790799018,-51.5107765831703,-0.479172972150524,-219.240833096191,9.9622383329419,
3396,0.369791,0,9594.40879474317,-640.276503596746,-51.6731049823687,0.754028492465467,-220.174033507789,9.8186464196738,
3397,0.367646,0,9594.46413584898,-639.592583076452,-52.3201735672264,0.340743917018763,-220.250982512228,9.36904286453366,
3398,0.365873,0,9593.89000008326,-639.24111786581,-52.3106806776745,0.812469467305508,-220.898853878996,9.26286416713868,
3399,0.364914,0,9594.15354137965,-639.071159291153,-51.6736863798555,-0.249486693206633,-220.39146858869,9.74466027830698,
3400,0.363377,0,9593.96549811319,-639.40758992082,-51.9442093151436,0.149850571397311,-219.897836800264,9.72972907489033,
3401,0.36068,0,9594.04769842745,-639.260639707423,-51.2131538776272,-0.192270511726315,-220.00958665335,9.78145466686594,
3402,0.360072,0,9592.68309669334,-639.708889179224,-52.6134209991435,0.368973274645915,-220.028779996478,10.4272492710021,
3403,0.357957,0,9594.36102131589,-638.946094401447,-52.1648298743524,0.212106020731144,-220.094414916545,10.5616054813636,
3404,0.357295,0,9594.34914488905,-639.069254054199,-51.7724007171244,0.282438973928756,-219.179385944026,10.220352924339,
3405,0.355232,0,9596.75287977452,-640.207239692732,-53.635854472924,-0.0472129120390977,-220.682680742975,10.1090893308225,
3406,0.353946,0,9594.40522409518,-639.630194010679,-51.4988917126784,0.0423271800658548,-220.216668355628,10.3426234072503,
3407,0.351186,0,9594.15143079144,-640.746131833742,-52.050811426866,-1.10030520272852,-220.330796795886,9.82084790705192,
3408,0.350985,0,9601.60334325811,-639.911712843881,-53.1157925878046,0.221372954534456,-219.743890035253,9.99469468178073,
3409,0.350053,0,9594.88778793339,-639.273216679765,-52.4682998144729,0.254753422965963,-220.159357457935,9.65223830988709,
3410,0.349061,0,9593.30235407001,-639.301874805944,-51.9895511378217,0.265737962642839,-220.166325127945,9.6874125193045,
3411,0.348019,0,9592.89370113066,-639.645818441627,-50.6659930995057,-0.373923818791537,-220.049689389036,9.96967479262702,
3412,0.346866,0,9593.75033337239,-639.476500084435,-51.8943101688554,1.66738697319772,-220.225245020551,10.3533685586121,
3413,0.34502,0,9594.34719400533,-639.357679201459,-51.0019550668835,-0.494912946717345,-220.088761014719,10.5028685394359,
3414,0.341367,0,9592.95144101484,-639.516287332305,-52.5311634575875,0.139863800555608,-220.2318140464,9.12571249400917,
3415,0.340061,0,9593.633794269,-639.111571925683,-51.8216950827523,0.68032987675895,-220.183213656832,9.47216284370267,
3416,0.339798,0,9593.12238717505,-638.450389904007,-51.1425391139717,0.237625719251339,-220.000777177681,11.0288629424883,
3417,0.3375,0,9593.1017768137,-639.592043859675,-52.2836069726213,0.129931161789553,-220.510251744021,10.112691918855,
3418,0.33729,0,9594.36463514638,-639.96467211944,-51.9633870774721,0.115019624774873,-220.384543127239,9.7770647201524,
3419,0.335897,0,9595.34442520799,-640.913218690267,-51.9711224740708,0.787298175268083,-219.700171742928,10.6598907336059,
3420,0.334984,0,9594.53285299368,-639.770263592014,-51.5902021405205,0.906586509518973,-219.877371449022,10.8482473994924,
3421,0.333689,0,9594.28320106914,-640.162642339643,-52.401752136623,0.92153740529082,-219.610636613987,10.4597576878555,
3422,0.330977,0,9593.50710684294,-639.234945564608,-52.5098874214911,-0.142696148865845,-219.869019959196,9.6329441321252,
3423,0.329679,0,9594.40181310738,-639.939980981928,-52.0727122975598,0.324329264840772,-220.181491465809,9.2815298087661,
3424,0.328649,0,9595.06239615451,-638.447899504204,-51.06429403029,-0.103216618931862,-219.93347250894,10.3125045259109,
3425,0.328472,0,9594.53700098523,-639.488181338933,-53.0966588710588,-0.343643712074999,-219.452792719195,9.64838407100476,
3426,0.328039,0,9595.1957940943,-640.538093254196,-52.0499897422289,0.524712446477777,-220.106046966699,10.0834408777832,
3427,0.325637,0,9594.02833270997,-640.015919352296,-50.8052889371651,-0.0743560957184083,-219.740837287794,10.2072297271695,
3428,0.324659,0,9594.23859336947,-639.737981012264,-51.8875213030086,0.259537401574171,-220.010397260227,9.3537366880655,
3429,0.323825,0,9594.5313609001,-639.783184378872,-52.716481483097,0.397217391532509,-220.155795364925,9.97124458212061,
3430,0.319711,0,9593.97012778356,-639.516519587083,-52.0723504275241,-0.591168503631689,-221.156844172907,9.70497089613786,
3431,0.318144,0,9594.75409434451,-640.160623186243,-52.0726585342895,0.179271513324855,-220.956293486032,9.41586894022175,
3432,0.317715,0,9594.54503915511,-639.106894188022,-51.7622827891638,0.406086635749202,-219.361968027093,10.0942153945514,
3433,0.317598,0,9594.51984365712,-639.793586755767,-52.2138985032584,-0.891579005029896,-219.308528096539,9.71456476684339,
3434,0.315667,0,9593.12415514648,-639.577352822217,-52.3567766627653,1.17142591090029,-219.650394476618,9.87078172825811,
3435,0.313545,0,9594.55330886786,-639.118803299711,-51.7817866359766,-0.185381777649103,-220.039532962663,10.7005725261041,
3436,0.312946,0,9592.78016320138,-641.395591120091,-52.4320077428346,-0.367828186575081,-219.969268874929,9.60689026184156,
3437,0.312844,0,9594.28478551929,-640.194120401746,-52.4019766392979,0.554946410606448,-219.299128298896,9.95790519615077,
3438,0.310759,0,9593.95301640028,-639.804156923302,-52.1258337144881,0.288094783005234,-220.573017319704,8.99811426345951,
3439,0.309576,0,9594.0912285784,-639.681300468122,-51.5941415020822,0.398521298978535,-220.033953175322,10.8038844528091,
3440,0.309,0,9594.07228747145,-638.248214748646,-51.8713833698151,-0.0999282440323916,-219.368777216406,9.74563517764682,
3441,0.30743,0,9592.43336556384,-639.694741008745,-52.3203675448683,0.336121396251541,-219.796574029751,9.84206899153356,
3442,0.305653,0,9596.08052021407,-639.163411572309,-50.7145958854789,0.757792180753476,-219.74573706517,10.1332930467374,
3443,0.305277,0,9595.14222148951,-641.226064004602,-50.5015346554345,-0.583528186962941,-220.064222488041,10.1271198152057,
3444,0.304916,0,9595.03429829952,-638.848179978155,-52.2456120860624,-0.213234370175116,-219.974659372847,10.3164175452929,
3445,0.30375,0,9593.93614209897,-639.621871861093,-51.6267115249912,-0.382220711825702,-219.824859382068,10.3889680156098,
3446,0.302819,0,9593.92497950461,-639.995487500983,-52.4142408608773,-0.198079282766763,-220.550174445551,10.012213226291,
3447,0.302505,0,9594.32518836061,-640.062982892155,-51.7746561569068,0.295616730468831,-219.807191297524,9.88918216897151,
3448,0.301358,0,9592.47266967533,-641.739795958916,-51.7921559161256,0.190577536095818,-220.226223199342,9.95266789985171,
3449,0.299008,0,9594.33264121435,-638.696004589198,-50.5993064474915,0.461286548624653,-220.184911043218,10.0822283005003,
3450,0.298467,0,9594.82061666068,-639.776138400268,-52.7125252976561,-0.162202958862291,-220.102505010352,11.0274056778412,
3451,0.292591,0,9593.16192960647,-639.314672617389,-51.9685575906742,-0.245473636638594,-220.290155914614,10.4853714532281,
3452,0.289314,0,9595.48475415681,-639.606786281184,-53.1413567908778,0.602989400929921,-219.538701767361,9.57340483310049,
3453,0.287946,0,9594.6243994843,-638.797856846244,-51.8104893254529,-0.274684101411476,-220.315892651637,10.3154067577628,
3454,0.287132,0,9593.59370262119,-639.472713706542,-51.8149345167957,0.431365120955724,-220.437462500811,10.2122724878736,
3455,0.287092,0,9594.45894393707,-639.735420251555,-52.0119058397248,0.542942789042454,-219.966786830575,10.5295306569398,
3456,0.284096,0,9594.10174798135,-639.005513303217,-52.5479607857752,0.655944908826797,-219.997332043265,10.5127464992607,
3457,0.281836,0,9594.42720037596,-639.97812663842,-52.3842968265532,0.0326196628554289,-219.180091319712,10.2745954123554,
3458,0.281284,0,9592.96509587481,-640.603055687438,-50.7384846587735,0.108754415072907,-220.019278546419,10.1627989979073,
3459,0.279179,0,9595.65229291231,-637.976150762959,-52.4058267961635,-0.292397273455192,-220.11192642636,9.85714564790741,
3460,0.277528,0,9594.26414801373,-639.797112191075,-52.755820446063,0.687427546976863,-220.398936661664,9.8580072788717,
3461,0.276168,0,9593.75783241891,-640.934695244215,-52.3523274933323,0.709830081713905,-219.019953378164,10.1386293391634,
3462,0.275867,0,9593.59468949565,-639.457240310704,-52.0886390001366,-0.498808557366314,-219.25937331064,9.99090351695922,
3463,0.274084,0,9594.33997171947,-639.347883712001,-52.3774611539523,0.347479222276166,-220.188435947779,9.52819600448503,
3464,0.274082,0,9594.72059396767,-638.237220489811,-53.3590436587508,0.734914724101742,-219.962243122149,10.2405408122579,
3465,0.27329,0,9592.01014020335,-638.989670297248,-50.1433087934197,-0.067349065735567,-220.008737595368,9.93359803958777,
3466,0.271906,0,9593.8462225897,-639.878704522211,-51.8949966366594,-0.277208990987793,-219.011638163494,9.15558136536542,
3467,0.271181,0,9593.8582300338,-638.789977217168,-51.8660171314476,0.810578146612867,-220.585628736835,9.349006238217,
3468,0.270767,0,9595.06141061076,-640.044234752958,-52.3112079396891,0.412217707097967,-220.227143243578,9.22737932947889,
3469,0.268285,0,9594.57176050517,-639.780430579342,-52.3879549609508,0.303651575509549,-218.749781601332,10.7954466724985,
3470,0.268282,0,9592.21014274916,-639.208406482093,-52.1681129228413,0.200337562652606,-219.526677625636,10.4499685369377,
3471,0.266957,0,9594.11123817176,-639.878116835065,-53.2089794090563,0.82038643362476,-219.228923263385,10.2545009893596,
3472,0.266492,0,9594.13896112981,-638.811830889444,-51.9015194320107,0.0668717834080235,-219.508649717987,10.3898592310929,
3473,0.266306,0,9593.94381134117,-639.472547334516,-51.5148350457823,-0.328227041948836,-220.17744479976,10.440099241612,
3474,0.266186,0,9593.64674761875,-640.245434971816,-51.9456133381811,0.356483903273981,-220.719958293335,10.4322816797297,
3475,0.264986,0,9594.36623287538,-639.126877140605,-51.6523106948046,0.962982803868316,-220.219595993401,10.0444225276588,
3476,0.264795,0,9593.61641413095,-639.073617500342,-51.0722758425049,0.83440275283122,-219.771224421373,10.0227226801291,
3477,0.264473,0,9595.17009262991,-641.274499076581,-51.1023472572477,-0.531373870710198,-220.127863813847,10.166876947315,
3478,0.263409,0,9594.55597126364,-639.835249312413,-53.4888827722784,0.167963423160667,-220.494919914995,10.1600923883031,
3479,0.262414,0,9593.31909317928,-639.812093565678,-52.0234098684357,0.26594384510586,-220.197242626758,9.94895926178887,
3480,0.260904,0,9594.08200702049,-639.272741421745,-52.2026862010951,-0.0220339252568055,-220.129610239132,9.31972787419015,
3481,0.260155,0,9593.24873969604,-639.220809645935,-51.2643980296273,-0.450043265940954,-220.199603258721,10.2486289764158,
3482,0.258946,0,9592.75852053712,-640.374634314383,-51.7581353564037,-0.298125205295255,-219.588272383386,9.87138608247488,
3483,0.258668,0,9593.80981961839,-639.93101136193,-52.3431877660745,-0.0146649506187426,-219.790079542988,10.7984985238305,
3484,0.25754,0,9593.80785916199,-639.997367076844,-51.9758069547566,-0.796155950390353,-219.399445165739,9.79495579640439,
3485,0.256483,0,9594.58169742555,-638.980009701205,-52.3848054960416,0.343624451421006,-220.354885849319,10.7948772826423,
3486,0.255084,0,9594.01096941573,-639.351115455245,-51.5904409423708,-0.41295282625986,-220.53291852568,9.414292799232,
3487,0.253173,0,9594.55909500211,-640.08464381111,-51.6146009914162,-0.0341140676075167,-220.942564766823,9.98257388165405,
3488,0.25286,0,9593.43729451206,-638.86532327434,-51.4668398866762,0.209733640806936,-220.705095427726,9.69629620523175,
3489,0.252546,0,9594.28656907362,-639.28927853042,-52.1369015474842,0.220194194578353,-219.917567622257,10.0372478659905,
3490,0.251596,0,9594.50392865227,-639.499134628355,-51.6101580864616,-0.112876817227451,-220.41194022009,9.68210621816214,
3491,0.249776,0,9593.55688324555,-639.490079353876,-51.8488909892704,-0.239827003737441,-220.982273309947,8.96028041222032,
3492,0.249436,0,9593.5919376092,-640.567135680772,-52.3057833168694,-0.0847218015709787,-219.11819236251,9.1947697809031,
3493,0.248407,0,9594.35576028148,-639.474324172961,-52.1729818063837,0.40236880754569,-219.424633057605,9.67571802774766,
3494,0.246131,0,9594.30429910127,-639.25435377278,-53.4006112102879,0.25615982250749,-219.843472442973,9.93030098356022,
3495,0.245817,0,9594.06962894705,-638.282689743883,-51.367509360051,-0.152398621073483,-220.808356845139,10.2950750559302,
3496,0.245678,0,9594.52836636688,-639.747091017081,-52.4677003818671,-0.0288235514404441,-219.78095882028,10.2487045716165,
3497,0.245086,0,9593.57098878496,-639.590354752082,-52.1279240611881,-0.389452952821889,-219.817161601878,9.66715489663605,
3498,0.242803,0,9593.53707390825,-639.276504474248,-53.4286282934439,0.497695115630624,-220.053112298733,10.098195464093,
3499,0.240994,0,9593.52550211611,-640.302398099139,-51.9079163483641,0.154739527727964,-219.855753618071,9.67817045480166,
3500,0.240972,0,9594.97618195329,-640.140239912238,-55.6503141573016,0.144714484331693,-220.004588751999,10.3361629500428,
3501,0.24071,0,9594.46214551912,-638.840079804671,-51.9269300568634,-0.250662578334804,-219.493555693941,10.2443002470709,
3502,0.238305,0,9593.86671950142,-640.00400101101,-52.8221588052131,0.414978456165825,-220.985390720981,10.1598582924286,
3503,0.23769,0,9594.26234619496,-640.099028260823,-52.0948214216275,0.204781738195708,-220.26825265468,9.81542845159016,
3504,0.234489,0,9594.2206213807,-639.84763766,-52.5012330395866,-0.0790681236098243,-219.430869755459,10.3528283549995,
3505,0.234165,0,9592.78290554088,-639.342869517487,-51.8563972255065,0.35309145349125,-219.758032470572,9.67458905147652,
3506,0.233124,0,9593.8968966385,-639.421489063,-51.9845693823345,0.186210508751261,-218.725832703629,9.39838460795826,
3507,0.231658,0,9593.55235643865,-638.589023247521,-52.8682838938861,-0.123964364234205,-220.337631457977,9.42356049171063,
3508,0.229912,0,9593.5101189045,-640.71892033118,-51.9944694032136,-0.607138973488369,-219.358084511282,9.54265178050696,
3509,0.229891,0,9593.83946045448,-639.210107404833,-52.2939549265761,-0.0648548200632234,-219.296280511496,9.56183882376226,
3510,0.228694,0,9594.20343855279,-640.294201184206,-53.0269895335689,0.382249856369463,-220.387891369151,9.68098632368959,
3511,0.227436,0,9594.84333410049,-638.870215360407,-50.1300351135349,0.243506003692243,-219.606833760448,10.3201023296774,
3512,0.227326,0,9594.59692140895,-640.103612811045,-52.4112629760926,0.414666911174599,-219.794974981249,9.852768097221,
3513,0.224841,0,9593.12861957056,-637.846645740455,-53.611216262739,0.0582882689476267,-219.971100932344,9.49131570450001,
3514,0.224452,0,9592.435569225,-640.026916768878,-52.7097259697499,-0.502397704133656,-220.421965796796,10.382462749538,
3515,0.222923,0,9593.58239029366,-639.681035510308,-53.0495708992082,0.388818812974583,-220.502784882277,10.0035269632295,
3516,0.222711,0,9594.40308211689,-639.410054350615,-52.1222920356692,-0.0695476002813256,-219.562270522172,10.169060415048,
3517,0.222393,0,9594.3193174401,-639.11771819469,-52.5847952514501,0.425601615213754,-218.918866199878,10.0163246461953,
3518,0.221998,0,9592.96325909336,-638.888196631837,-52.9798285535875,-0.166533782351938,-219.687409968383,10.1419971489372,
3519,0.220912,0,9595.44710606101,-639.30221799456,-52.385312636003,0.13477673691999,-220.020350302608,10.0880492453059,
3520,0.220897,0,9593.47468138584,-640.749050946154,-51.9806035759633,1.08619863614056,-219.573563102368,10.3882507019283,
3521,0.220698,0,9593.92392322989,-639.505736955197,-52.5687241382222,0.551212552093508,-219.861066798825,9.57762405287413,
3522,0.220157,0,9594.06462962709,-639.764973733483,-52.2918658246724,0.508618805964426,-220.896556042334,10.1592832332525,
3523,0.219957,0,9594.50415191468,-640.186690351131,-52.5525313837985,-0.426505779712356,-220.740641767313,10.2884375151977,
3524,0.219363,0,9593.94725118636,-638.01946824602,-52.7908335396538,0.0314602242524389,-220.292822685508,10.143033088727,
3525,0.218778,0,9592.9134466898,-639.593153125903,-50.9592457972642,0.10966142481397,-219.913715136239,9.95434149336051,
3526,0.217581,0,9594.87725979471,-639.614555741719,-52.3260224434416,0.0915113645132026,-219.16653153486,10.7649971894106,
3527,0.216933,0,9593.51965637464,-640.51251542671,-51.3672925163416,-0.264599501798127,-220.615285004683,10.1925126916825,
3528,0.215244,0,9593.73098880282,-639.159360367979,-51.9495725630503,0.163924349740507,-219.68764928378,9.02731530199509,
3529,0.214624,0,9592.79557507201,-638.276980560409,-49.8110662058857,0.12942850288311,-220.034674991053,10.1861967237552,
3530,0.213071,0,9594.59044221517,-639.213329905919,-52.4827811543478,-0.0727838050302891,-220.211387610282,8.99191815112331,
3531,0.211805,0,9593.78932836528,-639.25920950831,-51.8714218729933,0.119159590088522,-220.004473668205,9.87794676610028,
3532,0.20862,0,9593.9248977098,-640.00392746979,-51.9949847252292,-0.397936383164674,-220.025204855009,9.60143550606559,
3533,0.207967,0,9593.82455345775,-639.188359889546,-52.269891179416,-0.167576320736125,-218.859633482554,9.59454430080257,
3534,0.207657,0,9593.69995712516,-639.263458612064,-51.8444497551477,0.909474153662523,-219.742573856697,10.6114394219528,
3535,0.206378,0,9594.92828595694,-639.584771553838,-52.1824601187733,0.655637458591953,-219.741954569439,10.1280652814096,
3536,0.205209,0,9593.25148107607,-641.044337827641,-53.7392049905722,-0.337263633583997,-219.849610307878,10.1265660247326,
3537,0.204913,0,9594.19565149371,-639.526819097536,-52.4898081194024,0.355858449624054,-220.234858171492,10.2141880080597,
3538,0.203657,0,9593.43325419171,-639.61383737305,-52.2509327691796,0.725550351114149,-220.230705655949,9.2015011469073,
3539,0.201328,0,9593.33852158173,-639.260634487678,-51.9013206319215,-0.419407002644991,-220.090589219941,9.99798815231885,
3540,0.20118,0,9594.41924361383,-638.530827231691,-51.6877057067324,-0.17171692988744,-219.698411871841,10.2076817527264,
3541,0.200093,0,9593.81299769914,-639.916399848262,-53.0252228970441,-0.364013013693166,-219.464612456388,10.4748290281872,
3542,0.199859,0,9592.91922407874,-639.616175181408,-52.1126364106934,-0.307574234313349,-220.803587497034,9.91997110543225,
3543,0.198933,0,9594.47493717221,-640.110688545223,-52.8838392591839,0.402734487091939,-219.443570203131,10.6119325964717,
3544,0.198928,0,9593.93925818837,-639.536315788275,-51.8405718524569,0.306988967932942,-220.758458261298,10.289007602347,
3545,0.196947,0,9593.97294273869,-637.52250758243,-50.3503796743465,0.0664701180138705,-220.307885128904,9.8109961950526,
3546,0.196444,0,9594.75857443821,-640.290879527719,-53.2789846327788,-0.0725509096268557,-220.082394053139,10.0499965273869,
3547,0.193987,0,9593.392901127,-639.263003609786,-52.433903774373,0.030540783122518,-219.962812710737,10.4480940799926,
3548,0.192868,0,9594.16399483321,-639.43819819261,-52.1969268936722,-0.343667760159748,-220.404561241298,10.4314631867526,
3549,0.192749,0,9595.47762494823,-640.179616997568,-53.0114903464843,0.214218065624084,-219.598534358107,10.1839240187036,
3550,0.192382,0,9594.40563054051,-639.660089265656,-50.9370185061286,0.401580523789733,-220.566920395329,9.19113224159257,
3551,0.191791,0,9594.09768193691,-639.843164384607,-51.9067928971357,0.723737267186617,-219.411187162997,9.77070311352383,
3552,0.19004,0,9594.20199875387,-639.784265281921,-52.5719968327213,0.268606565100682,-219.891507314495,11.4093866066569,
3553,0.188862,0,9593.93570322876,-639.733762111914,-52.4069873647176,-0.435007792165922,-220.253229114089,8.95285917649795,
3554,0.187545,0,9596.00642952074,-639.143356846686,-51.6505357060504,-0.293887152410018,-220.765322565438,10.2092626406695,
3555,0.187018,0,9595.09321929307,-641.248283333044,-53.9027478770453,-0.072478184815798,-220.354371920453,9.80994166599011,
3556,0.185045,0,9593.71342665035,-639.313235153664,-52.4662400755075,-0.758280109424334,-220.745378516063,10.111747254505,
3557,0.184036,0,9593.27854384746,-640.4107560073,-52.6121673128872,-0.385610622426154,-220.925248577142,10.0277394133826,
3558,0.183382,0,9594.34688204879,-639.651777910698,-52.0009904648562,0.466376364630419,-219.398491388352,9.53004075001022,
3559,0.181405,0,9594.07817090175,-640.101782959446,-50.8892094113706,-0.56072422632526,-219.771388838625,10.4225477442582,
3560,0.180848,0,9593.92372559022,-639.211645118465,-50.8758319504826,-0.226653870847389,-219.592015470664,10.2888448386061,
3561,0.179636,0,9593.89678039339,-639.329119990942,-52.1574740179028,0.340407997144517,-220.234837775332,9.74336577445931,
3562,0.179627,0,9594.40322468104,-639.293161772434,-50.6984824837389,0.198832228501645,-219.672781235301,9.7905493929738,
3563,0.17934,0,9594.44926582624,-639.665087856108,-52.3813927024766,0.777037725483195,-220.111475808139,9.11512829336221,
3564,0.179278,0,9593.5984882285,-639.478805866272,-51.1569218869769,0.733213052788407,-219.847051815953,9.12930430111525,
3565,0.178914,0,9594.08176832378,-639.74809450948,-53.3484312375763,0.19297913283217,-220.646554432674,10.2764595890542,
3566,0.178151,0,9594.71543690215,-639.331695169812,-51.5028634131001,0.364041913864947,-219.917079070282,9.99749509719949,
3567,0.177948,0,9593.90386209508,-639.566766458832,-52.0162439266208,0.313959606995546,-220.383732525964,10.3901240797995,
3568,0.176307,0,9594.81207592631,-640.552419135715,-51.8442252998154,-0.48304048749676,-220.035799822853,10.1922384191342,
3569,0.175109,0,9593.9033479813,-638.989638766583,-52.084368019711,-0.162869108076436,-220.062798331025,10.0978204463612,
3570,0.174979,0,9594.44348705644,-638.315404019124,-51.5747640364805,-0.0542781822333406,-220.350386034394,9.41891244925661,
3571,0.17492,0,9594.01531125485,-639.701693491854,-51.0393986445569,0.726853323430324,-219.076451303804,9.898510778471,
3572,0.17454,0,9593.36857001977,-638.859777286371,-49.5022387316341,-0.0626713117479835,-219.90868561767,10.0976180139201,
3573,0.171352,0,9594.16835249673,-640.826266067778,-52.2100277320874,-0.117198714857507,-219.316132120737,9.58698291171572,
3574,0.170571,0,9594.20360811576,-639.368535511021,-51.286784458143,0.670672978209723,-219.7654701483,9.76555224404504,
3575,0.170105,0,9594.42689318964,-638.39131494804,-51.8048135848673,-0.0130939300108352,-220.821372094348,9.85222430084934,
3576,0.169672,0,9594.308021169,-640.237845191504,-52.2085182965137,-0.969912563173893,-220.480275740222,10.0524534214501,
3577,0.168635,0,9593.26826187268,-638.680639040281,-52.4410822168033,-0.347763332399004,-220.124937212558,9.88270604678064,
3578,0.168558,0,9593.98910192534,-639.816298345468,-52.6872187695129,-0.33920803067096,-220.086689887507,10.8771305358438,
3579,0.167212,0,9593.78765775104,-640.155276781354,-53.238765547547,0.404204579381645,-220.268902250684,9.62451333391667,
3580,0.166444,0,9593.3019808001,-640.81188187622,-51.2717037946194,0.559297475652741,-220.182343646869,9.77315446229978,
3581,0.166189,0,9593.4287670996,-639.161345406598,-51.8933930697082,-0.482417019588698,-219.896068627291,10.0093560432498,
3582,0.165693,0,9594.14405002225,-639.187474132057,-51.2256526180096,1.07368016673389,-219.865932413314,9.98187452163186,
3583,0.164989,0,9594.01260702438,-639.494780116658,-52.3829167867064,1.09840772133533,-219.984303619984,10.3915455446548,
3584,0.164489,0,9594.849081746,-639.363067904741,-52.5025935646245,-0.611838812718072,-219.887162316042,10.4303031451298,
3585,0.164374,0,9593.93693869828,-639.115540908761,-51.4439980545278,0.253553165694033,-219.580965352935,9.30819392900991,
3586,0.164086,0,9594.58404590888,-639.542703814197,-52.0024559891023,0.827758204555007,-219.561792924952,10.2309487657817,
3587,0.163938,0,9593.93935667042,-640.218428248986,-52.1570606443278,0.806693781117825,-219.378519281189,9.34126652020321,
3588,0.163829,0,9594.13936447712,-639.578032818683,-51.7177466712021,0.372519582630578,-219.17349059337,9.27743712382469,
3589,0.163264,0,9592.77623031579,-638.372985052487,-53.249523117356,-0.066319600380012,-219.784681197199,9.75856151969254,
3590,0.162178,0,9593.95229206801,-639.087796577866,-51.4392312642556,-0.205363758282562,-220.164323169081,9.09169991622665,
3591,0.161149,0,9593.9792732609,-639.460393074699,-51.9200414214077,-0.364174956001456,-220.340971638576,10.3307728423163,
3592,0.159718,0,9594.39810259418,-637.902858957161,-53.0186579161136,0.0444039915842756,-219.80214564628,10.3449611495404,
3593,0.159606,0,9593.14675330936,-638.926662734213,-52.2556253467039,0.165141239300335,-220.162912958814,9.82406176827555,
3594,0.159451,0,9594.87967533645,-641.283758950673,-52.1463156966405,-0.163252698749956,-220.31979517866,10.1338401536674,
3595,0.159303,0,9594.64001341467,-636.871413546107,-52.8437608253507,0.220273641228435,-219.348916922209,10.3956186384957,
3596,0.159151,0,9595.81463010102,-642.055652554449,-51.7103821521176,-0.0466677076389778,-219.80330216965,9.98035865465561,
3597,0.153844,0,9593.6315149776,-637.280664094098,-50.4356623709673,0.0184591771832544,-220.35827388705,9.41852352288624,
3598,0.153478,0,9594.66455701433,-639.124967698598,-52.5241106980374,0.819021526090553,-220.893069191158,10.4456418345499,
3599,0.152515,0,9593.9658367531,-639.489143199563,-51.3378931453463,-0.63748385271841,-220.486953895305,10.3172188872583,
3600,0.151491,0,9593.91336358596,-640.107501040948,-51.440801277007,-0.206237902529355,-220.050616714385,9.66301807041964,
3601,0.147117,0,9594.34906957521,-640.011962858178,-52.7455027783407,-0.553629132469092,-220.320330419007,10.3590592160052,
3602,0.146741,0,9593.69697593993,-639.313021103287,-51.8994045542535,-0.0030110054358261,-219.615915941727,9.18692455701985,
3603,0.145823,0,9594.27368150891,-639.789005464445,-52.1220536647522,0.0816036754673044,-218.917627161235,10.6278421706466,
3604,0.145264,0,9593.72435900617,-639.708519151018,-51.7155016964507,-0.143590558720943,-218.563078475101,10.0954857628906,
3605,0.144745,0,9592.32228455481,-640.115824982516,-51.8795589700327,0.183411807564954,-219.882581613572,9.6975255681627,
3606,0.144443,0,9594.09074206756,-639.31348673022,-52.1738316970059,0.725590473057301,-220.273997371737,9.9979068446553,
3607,0.144347,0,9594.08993772636,-639.07656463295,-51.9938769454004,-0.959339330674935,-220.34131542513,10.1908475425915,
3608,0.144193,0,9594.16199048147,-639.724796660526,-51.7715311224147,0.695876778599605,-219.61725898072,9.12222598291597,
3609,0.144098,0,9594.07192716038,-639.645081419803,-52.7742515168858,0.015657727136307,-219.450282178068,10.2535700090631,
3610,0.143883,0,9593.4113861785,-637.767304789241,-51.9869143184242,-0.0201403712780326,-220.075109862544,10.0862131140453,
3611,0.143854,0,9594.24375759515,-639.617007929691,-51.6543226478795,0.167114016718091,-219.842501354488,8.9410075087946,
3612,0.143778,0,9594.26647915704,-639.815477039872,-51.9716439562763,0.601590427738748,-220.820444417806,10.2804061442951,
3613,0.14358,0,9594.20247155537,-638.745900296247,-51.9425463223383,-0.0729847133481877,-219.105515966954,10.7816225666772,
3614,0.142819,0,9593.66980197352,-639.649065781497,-51.7509441974458,-0.824666196169287,-219.603719792689,10.3444303050273,
3615,0.142751,0,9593.56870924891,-639.430003113512,-51.7663418431685,-0.180451812321644,-219.179445851861,10.3255350010724,
3616,0.14266,0,9593.81459188271,-639.15589335923,-51.7791879856996,0.24750732469106,-220.350134019665,9.69773237246013,
3617,0.142464,0,9594.82022209035,-641.910436237802,-51.603780244108,0.193819295966323,-219.536129249175,9.97540553277448,
3618,0.14214,0,9594.65500221022,-639.565939774665,-51.9650692526168,0.366466635256534,-219.439244556105,10.2321509543963,
3619,0.141483,0,9593.9045458677,-639.114681472862,-51.7053847459757,0.538874468250874,-220.93830757265,9.64385517575107,
3620,0.140963,0,9593.8486363889,-639.224179679088,-51.801555850507,0.719463911127661,-220.317392758603,9.96467716479053,
3621,0.14096,0,9595.24720920983,-639.545184669861,-51.1201284447976,0.469405566496205,-220.061075516002,10.8641181099108,
3622,0.140925,0,9594.86537152333,-639.505272380065,-51.6278235330474,0.0566551104524981,-220.1672842599,9.49093308799593,
3623,0.140855,0,9592.5014910976,-638.980474336041,-52.8833225780011,0.0018900064952937,-219.286936580387,9.51898868893096,
3624,0.139579,0,9601.9619389044,-639.09231857214,-53.1616344481324,0.366999392478563,-219.954820963972,10.0950478331941,
3625,0.13951,0,9593.64412428464,-639.566397813406,-51.8590845717049,-0.183247646048242,-219.891766231853,10.477236859422,
3626,0.136199,0,9593.67533137663,-639.165281145563,-51.3095421220625,0.668928931948921,-219.552740979419,10.0792024493025,
3627,0.134384,0,9593.57372933917,-638.93159640831,-52.5928150911411,-0.36889659428312,-220.14787697435,11.0685302568921,
3628,0.133571,0,9594.57027581363,-639.143508407056,-51.634446270269,-0.0626954363115582,-220.764763545277,10.0539001366149,
3629,0.133319,0,9594.38273745371,-639.824274532899,-51.9201828015077,0.583779357359224,-219.513680916594,9.32675396979267,
3630,0.131902,0,9597.36408375445,-639.61705708056,-53.3051508830626,0.407698606609234,-220.167346055116,10.1210465278866,
3631,0.13128,0,9593.88686816266,-640.497278243305,-51.4916547610413,-0.116975854505854,-220.505223485159,9.13923390229606,
3632,0.13111,0,9594.09229453422,-638.563376660933,-51.7573227587013,-0.441182707895878,-220.005352873351,10.1455679663759,
3633,0.130754,0,9593.3556194223,-636.638649494824,-49.7165662248974,-0.0092358131489469,-220.165701150361,9.67610543296645,
3634,0.130082,0,9594.10136931668,-639.596590940085,-52.6088679788325,-0.12414162618873,-219.351897744546,9.80131369965185,
3635,0.129622,0,9594.83891863595,-639.059208014132,-53.2171147052063,-0.15137801975421,-220.625925630942,9.38146665307132,
3636,0.129201,0,9593.172100071,-639.080389881893,-51.8084517719801,0.347433679192058,-219.891831630828,10.9426958970207,
3637,0.12919,0,9593.36414028918,-640.018291476905,-51.2726090014271,-0.510632298196937,-220.147486677456,9.82466350547534,
3638,0.128459,0,9595.43848555861,-638.958375056722,-52.3107678522444,0.32987298583988,-220.355786678577,9.95881422297038,
3639,0.128348,0,9593.87080668045,-639.309156638398,-51.8871904628687,0.695701038349562,-219.079656813052,9.64772734992123,
3640,0.128054,0,9594.55667158896,-640.643307264314,-50.4031466330265,0.313183695826392,-220.416329524025,10.088383326033,
3641,0.12779,0,9593.74619045098,-639.557848730614,-53.5928186442258,-0.254593193322072,-219.960823714476,9.28582451215226,
3642,0.127784,0,9594.89600072868,-639.395136479302,-51.9243039694629,0.397014608175068,-220.962577587733,9.9762604838385,
3643,0.127737,0,9593.6278487406,-639.439041714463,-51.3050717836487,-0.224895499656514,-220.122525387261,11.1683535611048,
3644,0.127723,0,9594.21665922972,-638.475821268666,-51.3808835225061,0.515635442491226,-219.381963043857,10.2802082308885,
3645,0.127608,0,9594.01542881237,-639.639053410793,-52.0676036643659,-0.201272421942585,-220.283234861349,9.40782346110408,
3646,0.127596,0,9594.09774337445,-638.149986460035,-50.1139703296857,0.248667031629672,-219.44966716794,9.60215352021776,
3647,0.127594,0,9593.65887921959,-639.941279243257,-52.4507087597664,-0.183658100930282,-220.164071564093,11.046125149345,
3648,0.127424,0,9596.99806000873,-637.479998885816,-54.0877257900158,0.44530288758761,-219.641668538859,10.0291347565106,
3649,0.127071,0,9594.22954742101,-639.793227962356,-52.130747320793,-0.543682379171312,-219.667591204373,9.07403645636395,
3650,0.125238,0,9596.61923994834,-639.770000059324,-53.6982207881837,0.398325900127519,-219.80823133161,10.5083777331089,
3651,0.125215,0,9593.70487688412,-639.54333338886,-52.0996862852963,-0.605111950995376,-219.499305583571,9.70862710190238,
3652,0.125155,0,9593.55703057313,-639.172112243407,-51.9302347076547,0.0384979428241584,-219.664607643386,10.0499509322055,
3653,0.124658,0,9593.66156861897,-639.207111491417,-52.4683988105887,-0.143527678818778,-219.895238375313,9.74508369954383,
3654,0.12429,0,9594.28324034364,-639.791213087228,-51.8994600183402,-0.194624587398135,-220.015056998256,9.99221207599556,
3655,0.124253,0,9594.64095028943,-638.805118087128,-53.1092304145664,0.0673513110953287,-219.969218637192,10.2146166410622,
3656,0.123933,0,9593.09898937413,-639.57260915136,-52.049214301966,0.282363333750928,-220.700622610783,9.6718215150371,
3657,0.123802,0,9593.8114539323,-639.170011182514,-53.4204368179824,0.0395888127506774,-220.106137868096,9.89340938099935,
3658,0.123729,0,9593.89819243183,-639.588702591448,-52.4508441306728,0.30968334183454,-219.42295308192,9.39412010365662,
3659,0.122567,0,9592.35066059727,-638.053178834027,-51.5161656681805,-0.125126536312315,-219.994924918872,9.75372190423267,
3660,0.122354,0,9594.97818358035,-639.214662116559,-51.9466064420618,-0.384996264457301,-220.02770144744,9.21362445804767,
3661,0.122183,0,9594.78788058761,-642.850025737983,-51.2116218165058,0.552129432475583,-219.68041699646,9.80243086957148,
3662,0.12064,0,9594.23501461604,-639.559325540493,-52.4295939831514,-0.481897678185072,-220.361971008241,10.4400325281597,
3663,0.120326,0,9594.4817926503,-639.023548864629,-51.8231513658987,0.347673394740878,-220.794599741832,10.2805090054939,
3664,0.119926,0,9593.40872818452,-639.883145407515,-52.4586289005709,-0.110113251675442,-220.573033205431,9.92345448240436,
3665,0.119801,0,9593.92411504418,-639.7671719225,-51.8507030771891,-0.109207999646643,-221.013723604063,10.367303563697,
3666,0.119733,0,9594.52396951456,-637.728295223936,-51.8215435618009,-0.247474939014394,-219.996154584622,9.86301578505978,
3667,0.119686,0,9593.524117113,-639.45541173069,-52.2206324277879,0.0667785342559,-220.702343789705,10.2814539105494,
3668,0.119519,0,9595.05212604486,-638.806336993526,-52.2729109002385,0.332096231943011,-219.397920591643,10.0572136277416,
3669,0.118715,0,9594.1239876149,-640.787821661112,-52.3470552396381,-0.3069633294414,-219.890599241609,10.1169310086985,
3670,0.118712,0,9593.7662183106,-639.818212132169,-52.5739347849948,0.761422411678594,-220.001624267276,9.66965258251604,
3671,0.118203,0,9594.18940353565,-639.785449515137,-52.2696044111256,0.150585173362391,-219.354126782843,10.5336746934777,
3672,0.117443,0,9594.31546939382,-640.242747648194,-52.8742871203877,0.454989514945577,-220.125834036386,10.0956028279721,
3673,0.117437,0,9593.99856674129,-639.841779864155,-51.4034321404597,-0.477957134178819,-220.29157646559,8.8982080619856,
3674,0.116889,0,9592.36208378992,-639.588067820983,-50.0513772571625,0.389958225254045,-220.413390192446,10.6117375694756,
3675,0.116698,0,9594.5791415984,-639.697094065019,-51.6976717339047,-0.454555637253427,-219.768376556243,9.54098992946353,
3676,0.116634,0,9594.01752423493,-638.930790566083,-53.1859931533165,-0.0462457026915477,-220.518394662657,10.2418854819933,
3677,0.116551,0,9594.07439479776,-639.232995808928,-51.8893328900966,-0.0799670747358792,-219.999362428294,9.5907560654166,
3678,0.115304,0,9594.67110825408,-639.645636869367,-51.7753451763784,0.080508856524172,-220.964029888863,10.0427770793695,
3679,0.115269,0,9593.83585228315,-638.57502258534,-52.4917521145838,1.11998022863671,-219.711448943352,10.0960415740564,
3680,0.114949,0,9593.33524373839,-637.368879263696,-53.7383850647497,0.545350869909356,-220.13728536605,10.0258636024681,
3681,0.114019,0,9595.61429059847,-640.303368399594,-49.5534576600916,0.16767714688952,-219.55133127943,9.67397166333246,
3682,0.113427,0,9593.05710964992,-640.081762336158,-52.3843760457572,0.124049832329144,-219.531875550339,10.7323453216597,
3683,0.112293,0,9594.19050877131,-640.358517709756,-51.9117615728424,-0.436219920736295,-219.198838565317,9.47751347129391,
3684,0.11199,0,9595.03334378909,-638.437029097086,-50.015822627529,-0.203690568289243,-219.943330801903,10.018290680337,
3685,0.111599,0,9594.40417994471,-639.809289090108,-51.8351760494379,1.17425259439607,-219.929143338021,9.46150689315687,
3686,0.111503,0,9594.3696949428,-639.98847783893,-51.6772873559966,1.24301441048883,-219.494093226465,9.45145677907286,
3687,0.111465,0,9594.05008656831,-639.528332545726,-51.5468713176437,0.419764713048776,-219.852991163733,9.80277230111055,
3688,0.111349,0,9594.46161926666,-638.868903296411,-53.1293360439353,0.0450060813638784,-220.65644477065,10.2021185276659,
3689,0.111114,0,9593.42846439322,-639.79548690051,-53.2644950901128,0.0952100517370994,-220.214056496566,10.1028629971762,
3690,0.11062,0,9593.73189627995,-638.880937268358,-52.0073862459314,0.208251786240671,-220.439482907809,9.94358805655429,
3691,0.110562,0,9594.38776841459,-639.247522318567,-53.0225413796734,0.0716357823820767,-220.741855476029,9.95572563483353,
3692,0.110522,0,9593.78326678821,-639.659422651515,-52.5396947954821,0.235532245589691,-220.680791208153,9.75366753462276,
3693,0.110385,0,9593.93500039074,-640.759044362302,-51.6189671976832,1.1665853743874,-219.604314826356,9.1190857414203,
3694,0.108374,0,9594.31105669686,-639.874981710395,-51.3758302788551,-0.339208961761219,-220.494380284214,9.66614064160892,
3695,0.108322,0,9594.36479298621,-639.953843796866,-52.2795110267543,0.716480487602186,-219.658136865129,9.72745539459581,
3696,0.108028,0,9594.15916909281,-637.181177901808,-52.1711398605498,0.370016262653861,-220.138875081888,10.1062620942337,
3697,0.106921,0,9594.04178682502,-639.611767497862,-52.0930176160668,-0.176649077971478,-219.881164061213,9.50472180270419,
3698,0.105901,0,9593.22507676431,-639.909680426508,-51.1697025674782,-0.0926603038103132,-220.877370584562,9.95679224098082,
3699,0.105872,0,9596.40438839082,-643.394831873189,-51.51882208782,-0.0529948263105405,-219.621661669855,9.58257523873069,
3700,0.105695,0,9594.35161563844,-638.869677910727,-51.7996673630388,-0.202983079350896,-220.442790654104,10.0885461080768,
3701,0.104912,0,9595.18701451522,-639.741103515077,-53.6571688139294,-0.215910655119159,-219.284593562716,10.2642749891447,
3702,0.104616,0,9593.4973192538,-639.482243380282,-51.9558612827746,0.34448356409344,-219.944136395223,10.3708858736505,
3703,0.104157,0,9593.94505033961,-639.62588691405,-51.5265522736201,-0.421368958550194,-220.12386586041,9.99817771420228,
3704,0.104136,0,9594.36965278749,-639.217441467794,-52.0146695827332,0.429582163307663,-220.003384620907,10.3689595007791,
3705,0.103974,0,9594.45436021873,-640.174752900117,-52.2658986527264,0.629693091092047,-218.700346619336,10.8486912522444,
3706,0.103115,0,9593.94664388875,-639.446633468769,-51.8243799777252,0.110081461226549,-219.523044064109,9.19174117311306,
3707,0.102425,0,9594.9070786899,-640.285250035045,-51.4437920792815,-0.56155607293024,-220.703533284148,10.3194103121593,
3708,0.102198,0,9594.04339490662,-639.883265722984,-52.0043652687919,-0.292826215906807,-220.239075710503,10.0861285637909,
3709,0.101268,0,9593.96504552955,-639.677615412956,-51.8281271708116,0.667776759460848,-218.996564148341,10.8782182003348,
3710,0.10109,0,9597.88996283744,-640.461842962249,-53.2746403432482,0.445417369369298,-220.324067652873,10.1736001489967,
3711,0.100621,0,9593.78768691908,-640.337421923139,-52.1970746899731,-0.337956024809485,-219.226887738498,10.8493384485908,
3712,0.100608,0,9594.25513451323,-639.968034537278,-52.071944292637,-0.541067471702458,-220.558760414897,9.45607221511026,
3713,0.100457,0,9595.51171249705,-640.008292177362,-51.6638982085272,0.543205067082632,-220.068377688666,9.99928989884002,
3714,0.100336,0,9593.39554591785,-639.649993078215,-53.920897332189,0.401935708508818,-220.019658577677,10.105637741808,
3715,0.100226,0,9595.71135832722,-640.650179220504,-50.9266893859103,0.193083790381941,-220.404905582001,10.3782204631422,
3716,0.100039,0,9594.11484066084,-639.338823037816,-51.8994410316936,-0.118073995699153,-220.876122839686,9.80235916808982,
3717,0.099973,0,9593.91735718716,-639.982401763014,-52.1806664386731,1.15705543010811,-219.568177100595,10.2004076351061,
3718,0.099732,0,9594.44697364526,-639.858887560702,-52.3356799939859,0.237201826892561,-219.576641657079,9.95626560491438,
3719,0.098863,0,9595.22154080147,-639.314499103606,-52.1828262671169,-0.0391971053109456,-219.808265831481,9.72710106622191,
3720,0.098565,0,9594.18672570366,-640.217925133491,-52.4416510730223,-0.184048780755271,-219.796892972474,10.5703715977897,
3721,0.098319,0,9593.30309758595,-638.798384556262,-51.5706489123938,0.0762425735271208,-219.390335098627,9.88440924013795,
3722,0.097421,0,9593.56278601088,-639.411671060547,-52.6719509500025,-0.205650566185639,-220.28289177971,9.98719822598197,
3723,0.097376,0,9594.18863837299,-639.626233932512,-53.0129812412631,0.494462583138681,-220.002755377891,10.1236595560311,
3724,0.097229,0,9593.44207151382,-638.986372967327,-51.5754121167739,-0.385426093397389,-220.763940804721,10.364928245992,
3725,0.096961,0,9594.42314017198,-639.773216893066,-52.1404294665829,-0.255212893978661,-221.113363339249,9.90440734776523,
3726,0.096809,0,9594.80402880359,-639.965551047626,-52.1090862813317,0.689417241971129,-219.63242997058,10.6071439698511,
3727,0.096377,0,9594.22230306698,-638.689009894866,-52.2433352487303,-0.289359339259041,-220.078607205319,9.62878266727146,
3728,0.096277,0,9594.83513234347,-639.403993580242,-52.6017175097459,0.0820338756443938,-219.549470017846,9.66842391586706,
3729,0.096211,0,9594.77525580134,-638.280329772369,-52.1421187156313,-0.0214720595924816,-220.425480644252,9.61462385681433,
3730,0.095258,0,9593.60139698106,-639.933550705118,-52.7875998642823,-0.0959402667194177,-220.254493179981,10.1126440478115,
3731,0.095141,0,9593.74288932381,-639.339422386158,-51.641349147822,0.0137243580737005,-219.858180149127,10.6711368221294,
3732,0.095084,0,9593.75524957469,-639.487594817176,-52.0998694151973,0.672066189105994,-219.585135159328,9.28038000658846,
3733,0.095064,0,9592.87228108426,-636.525494493253,-50.4360984019788,0.288686568353423,-220.091417505578,10.4274306613814,
3734,0.095027,0,9593.50939663445,-639.944754616547,-51.8776698492385,0.213581500601567,-221.043651039082,10.2292564151742,
3735,0.093972,0,9594.01306030672,-639.286200873151,-52.2305567028488,-0.242672651315207,-220.87019414952,9.72229962720506,
3736,0.093289,0,9594.42128332645,-638.935220771178,-51.3169239099132,0.42958889204736,-220.522424409294,9.71430255689427,
3737,0.093214,0,9593.5412235645,-639.946788276233,-53.1353417695077,0.259386378012094,-220.437561964287,10.279417414389,
3738,0.09301,0,9593.46384770626,-640.461031760183,-51.1305580341994,-0.185769935673679,-220.471905600747,10.6925871706873,
3739,0.092566,0,9595.06862947488,-640.557617421779,-51.6818333786668,0.58271094494811,-220.150548234014,10.5512661134454,
3740,0.092494,0,9593.76756216974,-639.546794137448,-51.731601976333,-0.806275006336305,-219.488102684607,10.5514499789615,
3741,0.09223,0,9593.94532176922,-639.77884664058,-51.847405513632,0.0521176541540148,-219.193190130032,11.096642738279,
3742,0.092118,0,9594.62531583223,-639.916869097953,-52.1998851061695,0.54845994530351,-219.84271592635,9.50127940426829,
3743,0.09124,0,9594.01504604143,-639.340677725347,-51.7315796555671,-0.129983253842179,-219.087615750376,9.96846555159594,
3744,0.090946,0,9593.52053491905,-639.094113931588,-51.9879071725501,1.01063482572812,-220.217217192896,9.84272480818095,
3745,0.090927,0,9593.83401872183,-639.274899742735,-51.8921614958875,0.0974257834241896,-219.740433739794,9.3582021762574,
3746,0.090924,0,9593.94344081647,-639.26089100974,-51.3578965905638,-0.107661265072377,-220.227857223746,9.56029560367971,
3747,0.090899,0,9595.38380929712,-639.937565992311,-51.6047903063823,-0.30734179992626,-220.140076748305,10.1344081898842,
3748,0.090817,0,9594.29309938613,-638.97725806944,-50.697119048102,0.183434204704268,-221.143282604524,9.90815968006079,
3749,0.090424,0,9594.22361914286,-638.698827621827,-52.1876053629466,-0.0339456009600522,-221.244695867061,9.54622639285838,
3750,0.090013,0,9594.30297880986,-640.719804416444,-54.0753531074716,-0.01696232445998,-220.392933428977,9.90474448809313,
3751,0.089499,0,9593.65611862876,-640.919504430337,-52.3713918569032,0.273227984888959,-219.554448286059,9.41829586658943,
3752,0.089034,0,9591.85217381415,-639.301257844643,-44.6238894192637,-0.154233711887607,-220.111109462405,10.1525016057265,
3753,0.088976,0,9589.47183545351,-643.112092692648,-52.42143589002,-0.0697857681028173,-220.259391398949,10.4604741809997,
3754,0.08896,0,9593.41800386247,-639.237732989808,-50.2594199679227,-0.162072649175822,-220.191986672541,9.68301598554721,
3755,0.088256,0,9594.20508882335,-639.872295515412,-52.1514835703432,0.424855552979881,-219.796246678019,9.42681067311796,
3756,0.088076,0,9594.08902210967,-638.214416130803,-52.3334759361363,-0.0418213666475366,-219.486221212151,10.5193330558384,
3757,0.08766,0,9595.13926266866,-637.053133453926,-49.1786757485691,0.125700620835976,-219.481176801229,9.96556362580651,
3758,0.08688,0,9588.34705269587,-639.948936896565,-59.4023063043962,0.253671399985467,-220.2372119922,9.92473186585443,
3759,0.086701,0,9593.2262512308,-640.457651480811,-52.7464824142488,-0.0709118207931201,-219.152830104991,9.24113994680411,
3760,0.08657,0,9593.49055724654,-640.133226168772,-52.8556970341941,0.356685644689057,-220.91825708824,10.4198440195216,
3761,0.086546,0,9594.18184080884,-640.084385951184,-51.427063188975,-0.236161373608071,-220.029833025427,9.19471020273844,
3762,0.086087,0,9593.95356588215,-639.786525994039,-52.3151229352715,0.0784426490252521,-220.61493127495,10.2749411454317,
3763,0.086051,0,9594.0534512837,-639.450383420718,-52.0600587145385,0.889832317479636,-218.911537510335,10.4881019018823,
3764,0.085992,0,9593.59033846453,-639.838457384442,-52.2015591933384,0.124887308382096,-220.140453540654,9.85370980029796,
3765,0.08554,0,9594.10420686412,-639.724147985122,-51.9600871017861,0.779770933184187,-218.932458328353,9.80075684718591,
3766,0.08548,0,9593.35561780163,-639.611571071911,-52.7109780905999,0.459644503325431,-220.561395984594,9.12284996535879,
3767,0.085274,0,9594.53623274318,-640.128019562873,-51.1667984476726,0.800255197117317,-220.48825210556,9.69125606966343,
3768,0.083973,0,9593.87187289758,-639.77592134859,-51.9999325426708,0.0776113305542603,-219.622987666932,9.59840055711935,
3769,0.083656,0,9593.75590970418,-640.576778145529,-49.9218274500698,0.309961492575806,-220.31907230791,10.3934064753232,
3770,0.083522,0,9594.1705278461,-638.73521258462,-51.9059811846232,-0.222328197007961,-220.214350027827,9.64266832529559,
3771,0.083248,0,9594.11288712906,-639.654699127649,-52.9053950643251,0.326681513924568,-220.219887795318,10.4891958758512,
3772,0.083013,0,9593.77861816971,-638.501815845581,-51.3840658897594,-0.130216798594353,-219.624298327057,9.7747374398122,
3773,0.082898,0,9594.35002474996,-639.585828200428,-52.2202946034493,-0.398670585507582,-219.139486163539,9.70985902228699,
3774,0.082574,0,9593.84217598843,-639.64460386967,-52.9607087909446,0.182803232119373,-220.311524844789,10.3538938906067,
3775,0.082478,0,9594.98172608702,-639.427410406548,-51.405076870037,0.256838223015697,-219.95347345247,10.345590987487,
3776,0.082474,0,9597.39682126364,-639.965136642654,-50.575297327063,-0.16771244776733,-220.442865828375,9.58952129099401,
3777,0.082409,0,9595.64321402555,-639.305575714675,-51.0190471357992,0.311560116020923,-220.420884865413,10.0280764618456,
3778,0.08215,0,9594.51216214985,-639.216601527565,-52.241058267287,-0.526482765905118,-219.543151654076,10.1021682994446,
3779,0.082051,0,9594.05040701938,-640.151186330952,-52.0155861055184,-0.68020418695135,-219.962662571389,10.4035005577443,
3780,0.081969,0,9595.81011405824,-639.320009507412,-50.5556229043693,0.221220506311014,-219.494136407369,9.76727816988883,
3781,0.081668,0,9593.70501405594,-639.41497744884,-52.6038015085421,0.0977959091270293,-220.109840496473,9.92856912672616,
3782,0.081572,0,9592.97361509907,-640.680766566792,-48.0636951674054,0.341240004926221,-219.928042554516,9.89379010942745,
3783,0.081077,0,9593.59690160041,-640.107203852735,-52.2436638708484,0.390914346535245,-220.533066715666,10.1273619909632,
3784,0.080115,0,9594.68972041195,-640.021116182511,-51.5448046217105,0.137556429248337,-219.458230806957,10.4808918253327,
