0,0.040677
1,0.0417057
2,0.0139961
3,0.0221197
4,0.0407529
5,0.0291749
6,0.0227954
7,0.0233086
8,0.413388
9,0.432761
10,0.528721
11,0.029552
12,0.0455601
13,0.101905
14,0.413484
15,0.244995
16,0.0310721
17,0.314445
18,0.450997
19,0.0465317
20,0.102056
21,0.0417214
22,0.338927
23,0.145748
24,0.0249879
25,0.446688
26,0.0119897
27,0.154942
28,0.0729332
29,0.0162774
30,0.286656
31,0.139
32,0.0614007
33,0.196172
34,0.0193163
35,0.0568441
36,0.0236797
37,0.0421678
38,0.0485036
39,0.463086
40,0.0291568
41,0.150141
42,0.0367882
43,0.211385
44,0.707062
45,0.0304839
46,0.0599553
47,0.0464201
48,0.077385
49,0.0358915
50,0.0107705
51,0.0177562
52,0.0130606
53,0.0389001
54,0.0501191
55,0.255574
56,0.0381731
57,0.0500988
58,0.0878105
59,0.552952
60,0.0168465
61,0.213077
62,0.0355249
63,0.266961
64,0.0620057
65,0.0358707
66,0.163099
67,0.0407179
68,0.032033
69,0.187646
70,0.0207744
71,0.0105952
72,0.189373
73,0.0289126
74,0.20346
75,0.135577
76,0.0594735
77,0.0690515
78,0.0227907
79,0.153372
80,0.0810617
81,0.032994
82,0.0301623
83,0.0292207
84,0.0152539
85,0.0716811
86,0.41046
87,0.0942312
88,0.0284477
89,0.193836
90,0.0529047
91,0.177479
92,0.0319869
93,0.502714
94,0.0644738
95,0.710932
96,0.0153453
97,0.17859
98,0.0721747
99,0.260027
100,0.341294
101,0.0690139
102,0.0364873
103,0.238143
104,0.019748
105,0.019357
106,0.941933
107,0.112865
108,0.113374
109,0.0752146
110,0.0171536
111,0.11836
112,0.129494
113,0.05402
114,0.2448
115,0.12115
116,0.137773
117,0.0324226
118,0.0618336
119,0.480017
120,0.011268
121,0.0650795
122,0.0121197
123,0.0185526
124,0.548993
125,0.150887
126,0.0300362
127,0.695055
128,0.0135701
129,0.114291
130,0.0190449
131,0.0146951
132,0.0137921
133,0.0323956
134,0.469706
135,0.0570109
136,0.0977029
137,0.022865
138,0.0402074
139,0.0427003
140,0.0216143
141,0.214909
142,0.038593
143,0.0593834
144,0.0419093
145,0.53884
146,0.107627
147,0.0177023
148,0.543875
149,0.0324328
150,0.300913
151,0.0874343
152,0.382406
153,0.689613
154,0.0225686
155,0.387922
156,0.0751031
157,0.128918
158,0.0583541
159,0.0558203
160,0.0781484
161,0.0974824
162,0.0361363
163,0.0346476
164,0.106981
165,0.0536173
166,0.175486
167,0.258487
168,0.193138
169,0.158746
170,0.1621
171,0.0210068
172,0.0663341
173,0.724142
174,0.132179
175,0.06659
176,0.122423
177,0.0127212
178,0.380931
179,0.218183
180,0.616455
181,0.0119256
182,0.120394
183,0.547165
184,0.015293
185,0.0703627
186,0.0476397
187,0.0438785
188,0.0236192
189,0.0482369
190,0.0674967
191,0.0644049
192,0.794324
193,0.806475
194,0.164568
195,0.14466
196,0.0349561
197,0.277525
198,0.0147891
199,0.0796008
200,0.262086
201,0.0555467
202,0.0391338
203,0.0206051
204,0.445067
205,0.063074
206,0.0291734
207,0.104957
208,0.293804
209,0.76664
210,0.0454125
211,0.0216328
212,0.195011
213,0.251559
214,0.342856
215,0.0218619
216,0.0119149
217,0.0415947
218,0.0483624
219,0.188098
220,0.113415
221,0.111375
222,0.182468
223,0.906908
224,0.241637
225,0.0355366
226,0.0856733
227,0.0301528
228,0.178412
229,0.125386
230,0.150866
231,0.0187732
232,0.254428
233,0.0552242
234,0.152904
235,0.0619334
236,0.0980148
237,0.0994101
238,0.236629
239,0.0390722
240,0.270775
241,0.0818782
242,0.0871926
243,0.317376
244,0.0853913
245,0.054291
246,0.0546085
247,0.433565
248,0.053616
249,0.0877211
250,0.0221237
251,0.0657581
252,0.0312743
253,0.0843599
254,0.0179649
255,0.0116192
256,0.203596
257,0.0202397
258,0.0132247
259,0.110893
260,0.064635
261,0.0888394
262,0.0615295
263,0.805482
264,0.0583253
265,0.0523799
266,0.0452706
267,0.0166151
268,0.0395668
269,0.0360135
270,0.01938
271,0.0842662
272,0.066936
273,0.159693
274,0.0422208
275,0.016293
276,0.0120751
277,0.87808
278,0.0347631
279,0.225085
280,0.232308
281,0.162999
282,0.227319
283,1.12597
284,0.0549337
285,0.013339
286,0.14573
287,1.15064
288,0.0611359
289,0.456152
290,0.0486012
291,0.0973839
292,0.303471
293,0.817302
294,0.0927501
295,0.0513973
296,0.348888
297,0.0218415
298,0.0856791
299,0.191773
300,0.465312
301,0.0168668
302,0.0739479
303,0.0463581
304,0.0234656
305,0.0456219
306,0.0523846
307,0.21423
308,0.0976277
309,0.119113
310,1.17937
311,0.0109326
312,0.0622531
313,0.0127231
314,0.163663
315,0.065823
316,0.396238
317,0.0687873
318,0.0435488
319,0.207472
320,0.103754
321,0.0496909
322,0.381223
323,0.10344
324,0.173942
325,0.0454545
326,0.0188999
327,0.0839023
328,0.0653573
329,0.0882158
330,0.0571286
331,0.197891
332,0.0180706
333,0.0345276
334,0.0338631
335,0.0716915
336,0.204244
337,0.406263
338,0.273895
339,0.0601021
340,0.681598
341,0.0153736
342,0.436578
343,0.0766055
344,0.042766
345,0.0313078
346,0.0520996
347,0.0303904
348,0.318569
349,0.0735287
350,0.0875908
351,0.0184331
352,0.650236
353,0.0163362
354,0.11542
355,0.122496
356,0.276576
357,0.0592344
358,0.078404
359,0.0962026
360,0.0287706
361,0.158342
362,0.333738
363,0.0705176
364,0.0753752
365,0.0360988
366,0.402315
367,0.0570121
368,0.144814
369,0.0960186
370,0.405514
371,0.82154
372,0.102783
373,0.15507
374,0.166585
375,0.111592
376,0.0142619
377,0.0355241
378,0.0148313
379,0.0177968
380,0.164634
381,0.214573
382,0.260787
383,0.185576
384,0.0966203
385,0.719269
386,0.190078
387,0.495124
388,0.664303
389,0.127806
390,0.283947
391,0.0462621
392,0.132881
393,0.0728657
394,0.0735228
395,0.126044
396,0.0458428
397,0.529914
398,0.0785947
399,0.0576552
400,0.0868785
401,0.0171559
402,0.167036
403,0.0219821
404,0.0476805
405,0.0240482
406,0.0349436
407,0.0569771
408,0.113929
409,0.0315392
410,0.0349562
411,0.0777949
412,0.0255691
413,0.923153
414,0.0292785
415,0.011635
416,0.0185054
417,0.0163071
418,0.0375268
419,0.161357
420,0.474987
421,0.217987
422,0.0441453
423,0.337904
424,0.211681
425,0.0232288
426,0.0477995
427,0.0399466
428,0.290716
429,0.0121589
430,0.0168711
431,0.540024
432,0.0833005
433,0.0442784
434,0.0180168
435,0.150367
436,0.0504763
437,0.053902
438,0.111926
439,0.199816
440,0.0242895
441,0.0477375
442,0.0451064
443,0.024154
444,0.260508
445,0.101878
446,0.0852279
447,0.0261717
448,0.128443
449,0.0683625
450,0.0181268
451,0.615728
452,0.0216994
453,0.0137401
454,0.031256
455,0.489363
456,0.324583
457,0.0175908
458,0.243078
459,0.0137086
460,0.0654766
461,0.156868
462,0.170301
463,0.101493
464,0.767776
465,0.0304322
466,0.140217
467,0.0230682
468,0.0213145
469,0.0427702
470,0.280524
471,0.142159
472,0.248029
473,0.0605626
474,0.0493821
475,0.0260925
476,0.0602491
477,0.174954
478,0.0212045
479,0.222859
480,0.17784
481,0.0775798
482,1.61351
483,0.0240993
484,0.044264
485,0.0810853
486,0.281571
487,0.183817
488,0.312092
489,0.0977909
490,0.411644
491,0.0953537
492,0.125241
493,0.159445
494,0.244467
495,0.302953
496,0.170496
497,0.0420805
498,0.669991
499,0.75605
500,0.0627139
501,0.108291
502,0.0271776
503,1.25288
504,0.0220081
505,0.04251
506,0.0458789
507,0.0253055
508,0.0243484
509,0.0270208
510,0.0937165
511,0.230123
512,0.386174
513,0.0234915
514,0.0306306
515,0.03055
516,0.233563
517,0.126088
518,0.0129735
519,0.0681824
520,0.0887675
521,0.016939
522,0.129471
523,0.220897
524,0.0139862
525,0.671239
526,0.112611
527,0.303588
528,0.0161205
529,0.431097
530,0.0176707
531,0.157639
532,0.0524707
533,0.587685
534,0.0465824
535,0.266901
536,0.0916291
537,0.0330906
538,0.0645324
539,0.109613
540,0.0702856
541,0.0633465
542,0.196935
543,0.608168
544,0.388057
545,0.243126
546,0.0284765
547,0.578026
548,0.0794289
549,0.145741
550,0.0837569
551,0.0129494
552,0.0337195
553,0.195295
554,0.0134434
555,0.0251381
556,0.967699
557,0.0233039
558,0.466217
559,0.167815
560,0.163258
561,0.289422
562,0.31149
563,0.0332255
564,0.105921
565,0.0692177
566,0.0778733
567,0.0315535
568,0.143207
569,0.23523
570,0.0840145
571,0.355905
572,0.0188387
573,0.218175
574,0.599466
575,0.0577564
576,0.445339
577,0.0248705
578,0.0210932
579,0.0139524
580,0.062282
581,0.388844
582,0.0641063
583,0.364026
584,0.372741
585,0.173812
586,0.0343924
587,0.401637
588,0.150233
589,0.11446
590,0.118736
591,0.109539
592,0.18333
593,1.04577
594,0.24672
595,0.357234
596,0.0237417
597,0.15018
598,0.021926
599,0.0141759
600,0.0263169
601,0.0354833
602,0.219457
603,0.150745
604,0.0216554
605,0.0534295
606,0.242409
607,0.1356
608,0.028404
609,0.290974
610,0.218397
611,0.0311677
612,0.0116856
613,0.528702
614,0.176123
615,0.0494844
616,0.116042
617,0.02174
618,0.236556
619,0.168052
620,0.210533
621,0.29247
622,0.0496396
623,0.227779
624,0.288053
625,0.0787423
626,1.38931
627,0.0488637
628,0.0215414
629,0.171013
630,0.771384
631,0.0170342
632,0.224691
633,0.0301831
634,0.159202
635,0.524529
636,0.51485
637,0.133176
638,0.632128
639,1.23759
640,0.143856
641,0.111155
642,0.0591702
643,0.462121
644,0.34052
645,0.0423783
646,0.0191055
647,0.0188376
648,0.469962
649,0.420958
650,0.39433
651,0.0409879
652,0.135642
653,0.0679003
654,0.0115904
655,0.234249
656,0.0724345
657,0.0720718
658,0.776969
659,0.580144
660,0.0408666
661,0.719573
662,0.0353798
663,0.255561
664,0.0140177
665,0.0530595
666,0.672571
667,0.033396
668,0.0389102
669,0.0576017
670,0.152758
671,0.0200126
672,0.371247
673,0.242523
674,0.065595
675,0.0614665
676,0.389085
677,0.0782704
678,0.0277803
679,0.0778008
680,0.0388804
681,0.0396176
682,0.308244
683,0.69102
684,0.193671
685,0.227368
686,0.558629
687,0.436933
688,0.0631396
689,0.0575611
690,0.0243522
691,0.254919
692,0.137723
693,0.326824
694,0.691106
695,1.0739
696,0.0277168
697,0.983973
698,0.0830586
699,0.0446608
700,0.0173579
701,0.417904
702,0.0194668
703,0.211677
704,0.0133036
705,0.436116
706,0.0847792
707,0.0342015
708,0.0506835
709,0.0372876
710,0.29323
711,0.747056
712,0.116596
713,0.186481
714,0.339755
715,0.120489
716,0.118974
717,0.189203
718,0.228413
719,0.022647
720,0.0703896
721,0.0216302
722,0.787382
723,0.0691735
724,0.045616
725,0.635399
726,0.0191951
727,0.486777
728,0.384818
729,0.135422
730,0.0307287
731,0.208207
732,0.538464
733,0.184614
734,0.0346049
735,0.0848021
736,0.102476
737,0.0163194
738,0.0139561
739,0.040156
740,0.30822
741,0.0208955
742,0.0226106
743,0.058813
744,1.58908
745,0.0254905
746,0.0503712
747,0.201277
748,0.0300452
749,0.0658273
750,0.319845
751,0.669344
752,0.0273145
753,0.0648681
754,0.0117135
755,0.0327217
756,0.0504033
757,0.170481
758,0.912686
759,0.0509774
760,0.0301412
761,0.523936
762,0.047464
763,0.0870696
764,0.515931
765,0.0909178
766,0.0725527
767,0.0622331
768,0.0185082
769,0.201355
770,0.391035
771,0.155396
772,0.0123962
773,0.191926
774,0.0324527
775,0.0437089
776,0.203233
777,0.0276367
778,0.176461
779,0.0225838
780,0.115057
781,0.111477
782,0.105869
783,0.0618842
784,0.0298901
785,0.613054
786,0.0805392
787,0.103393
788,1.14479
789,0.0501317
790,0.0251781
791,0.0104615
792,0.575833
793,0.374442
794,0.198148
795,1.09627
796,0.203428
797,0.351468
798,0.39832
799,0.0757416
800,0.604276
801,0.164207
802,0.0126213
803,1.38989
804,0.0655746
805,0.0867609
806,0.0152607
807,0.0781545
808,0.0136796
809,0.732365
810,0.582149
811,0.0172588
812,0.0560024
813,0.36295
814,0.535407
815,0.03945
816,0.0564648
817,0.0184767
818,0.0838793
819,0.0314366
820,0.101808
821,0.128303
822,0.0319629
823,0.181742
824,0.0617412
825,0.226057
826,0.0465723
827,0.0249966
828,0.0860339
829,0.041014
830,0.320755
831,0.212189
832,0.122421
833,1.42997
834,0.16564
835,0.162741
836,0.0128421
837,0.032415
838,0.0477233
839,0.0986048
840,0.0684519
841,0.115443
842,0.0871071
843,0.130979
844,0.683812
845,0.149304
846,0.0250199
847,0.11406
848,0.109741
849,0.0201511
850,0.118012
851,0.111176
852,0.0975438
853,0.0992534
854,0.0817899
855,0.0362012
856,0.331093
857,0.068385
858,0.254141
859,0.0319916
860,0.141701
861,0.047327
862,0.119763
863,0.141791
864,0.114358
865,0.0263128
866,0.0376698
867,0.154928
868,0.0562694
869,0.391349
870,0.0257756
871,0.0251112
872,0.0297473
873,0.180537
874,0.251148
875,0.0123705
876,0.0341735
877,0.0184655
878,0.0111731
879,0.0263325
880,0.0744264
881,1.02907
882,0.222723
883,0.0165144
884,0.149986
885,0.0129526
886,0.0438359
887,0.019471
888,0.531193
889,0.632838
890,0.07115
891,0.0251892
892,0.0277523
893,0.991112
894,0.241035
895,0.341688
896,1.15495
897,0.017698
898,0.0171409
899,0.0131773
900,0.0698566
901,0.0209795
902,0.174881
903,0.290923
904,0.176168
905,0.0641031
906,0.755015
907,0.103538
908,0.0928382
909,0.0776407
910,0.181682
911,0.0169757
912,0.420384
913,0.0410941
914,0.0548003
915,0.0482637
916,0.0135381
917,0.323646
918,0.175322
919,0.0786897
920,0.096459
921,0.0127626
922,0.081593
923,0.262265
924,0.0656177
925,0.0224373
926,0.15592
927,0.407254
928,0.106412
929,0.0574343
930,0.52294
931,0.0574301
932,0.150232
933,0.177885
934,0.061267
935,0.0567947
936,0.058554
937,0.0202896
938,0.0550725
939,0.103828
940,0.0741781
941,0.0169396
942,0.637197
943,0.235846
944,0.0377764
945,0.240042
946,0.0515677
947,0.351447
948,0.0925664
949,0.352803
950,0.0273082
951,0.166118
952,0.0251603
953,0.301823
954,0.0971042
955,0.102799
956,0.378457
957,0.0159517
958,0.173318
959,0.0601203
960,0.144874
961,0.483843
962,0.0602858
963,0.218211
964,0.0529568
965,0.166956
966,0.818015
967,0.066398
968,0.0403586
969,0.0183452
970,0.16655
971,0.321461
972,0.0756701
973,0.0304657
974,0.516772
975,0.0173323
976,0.960879
977,0.0147993
978,0.0274611
979,0.0481657
980,0.182388
981,0.146064
982,0.318419
983,1.62034
984,0.210854
985,0.0168477
986,0.147328
987,0.0610708
988,0.203154
989,0.106473
990,0.128928
991,0.0424186
992,0.381132
993,1.15868
994,0.284549
995,0.0178599
996,0.0321107
997,0.0859042
998,0.557307
999,0.219695
1000,0.0564808
1001,0.0639886
1002,0.183638
1003,0.0213257
1004,0.0362097
1005,0.0465867
1006,0.0521706
1007,0.067732
1008,0.784082
1009,0.0173717
1010,0.0121078
1011,0.223099
1012,0.0704063
1013,0.279374
1014,0.135639
1015,0.0858694
1016,0.0375388
1017,0.251378
1018,0.239112
1019,0.010587
1020,0.426379
1021,0.277005
1022,0.0142643
1023,0.120908
1024,0.180201
1025,0.102417
1026,0.544257
1027,0.0130121
1028,0.0581569
1029,0.0171423
1030,0.495077
1031,0.0476837
1032,0.0378067
1033,0.034679
1034,0.0585253
1035,0.101896
1036,0.522316
1037,0.132129
1038,0.0572899
1039,1.64861
1040,0.21231
1041,0.104355
1042,0.0440495
1043,0.0120711
1044,0.0107902
1045,0.0311408
1046,0.215302
1047,0.20699
1048,0.0286602
1049,0.230285
1050,0.15418
1051,0.0608186
1052,0.0304339
1053,0.0190265
1054,1.16209
1055,0.19367
1056,0.227795
1057,0.127831
1058,0.286385
1059,0.0402253
1060,0.0707597
1061,0.220705
1062,0.0242229
1063,0.0727272
1064,0.0295863
1065,0.481173
1066,1.09526
1067,0.138015
1068,0.0212038
1069,0.110076
1070,0.207676
1071,0.011732
1072,0.0206642
1073,0.0970201
1074,0.0308298
1075,0.969945
1076,0.0108456
1077,0.0133657
1078,0.220618
1079,0.377459
1080,0.277714
1081,0.029948
1082,0.0165563
1083,0.389275
1084,0.135936
1085,0.0273634
1086,0.1791
1087,0.0297831
1088,1.19768
1089,0.117787
1090,0.0191078
1091,0.0198382
1092,0.0132865
1093,0.324877
1094,0.0515797
1095,0.0388195
1096,0.21537
1097,0.0725849
1098,0.0558976
1099,0.240957
1100,1.49145
1101,0.0260018
1102,0.240191
1103,0.0752307
1104,0.0247766
1105,0.113336
1106,0.164448
1107,0.0613045
1108,0.0345708
1109,0.0307441
1110,0.0235202
1111,0.198993
1112,0.0147367
1113,0.304559
1114,0.355979
1115,0.732919
1116,0.0342857
1117,0.054086
1118,0.0802858
1119,0.107867
1120,0.484243
1121,0.0125981
1122,0.239024
1123,0.350172
1124,0.04913
1125,0.0281824
1126,0.0618929
1127,0.0138152
1128,0.125563
1129,0.0157456
1130,0.94657
1131,0.416676
1132,0.076973
1133,0.050891
1134,0.173984
1135,0.156592
1136,0.0206309
1137,0.0848924
1138,0.0248968
1139,0.254592
1140,0.322645
1141,0.301205
1142,0.217698
1143,0.026564
1144,0.0278897
1145,0.0125168
1146,0.673108
1147,0.0175729
1148,0.11322
1149,0.0744763
1150,0.239997
1151,0.0159343
1152,0.0408796
1153,0.484117
1154,0.522013
1155,0.0524165
1156,0.106417
1157,0.392858
1158,0.0391525
1159,0.586516
1160,0.0454169
1161,0.0658267
1162,0.983447
1163,0.732859
1164,0.0165281
1165,0.717756
1166,0.0729058
1167,0.980022
1168,0.0755522
1169,0.315739
1170,0.0361329
1171,0.0898014
1172,0.0700845
1173,0.0546699
1174,0.327723
1175,0.0304128
1176,0.914459
1177,0.0190347
1178,0.0119155
1179,0.0374703
1180,0.0736395
1181,0.0303081
1182,0.0917495
1183,0.129408
1184,0.103655
1185,0.0155202
1186,0.291383
1187,0.889102
1188,0.0478087
1189,0.0375177
1190,0.0134767
1191,0.0395206
1192,0.390931
1193,0.297454
1194,0.215501
1195,0.142048
1196,0.0294653
1197,0.0414484
1198,0.231744
1199,0.0617929
1200,0.512554
1201,0.40294
1202,0.0234827
1203,0.0672038
1204,0.0615197
1205,0.236055
1206,0.070611
1207,0.555889
1208,0.0743154
1209,0.0246842
1210,0.0958005
1211,1.05542
1212,0.585409
1213,0.0622503
1214,0.0346122
1215,0.120373
1216,0.7826
1217,0.478944
1218,0.163779
1219,0.0200729
1220,0.0502165
1221,0.107289
1222,0.758488
1223,0.0241898
1224,0.014613
1225,0.0365472
1226,0.646711
1227,0.0669667
1228,0.0270031
1229,0.0140226
1230,0.0764134
1231,0.111181
1232,0.46161
1233,1.00465
1234,0.296328
1235,0.0923788
1236,0.0262869
1237,0.507428
1238,0.106077
1239,0.0940642
1240,0.0900844
1241,0.963519
1242,0.036262
1243,0.562232
1244,0.0672856
1245,0.162846
1246,0.0800469
1247,0.0753994
1248,0.137377
1249,0.599039
1250,0.0915359
1251,0.0246632
1252,0.734226
1253,0.862877
1254,0.011415
1255,0.2337
1256,0.065413
1257,0.262168
1258,0.0219239
1259,0.463192
1260,0.690709
1261,0.0261909
1262,0.12651
1263,0.093962
1264,0.263149
1265,0.0204616
1266,0.30978
1267,1.04406
1268,0.115649
1269,0.0174296
1270,0.340878
1271,0.0162116
1272,0.0559013
1273,0.0312093
1274,0.0464482
1275,0.348506
1276,0.776958
1277,0.117232
1278,0.748317
1279,0.134731
1280,0.0161383
1281,0.836653
1282,0.0239337
1283,0.107471
1284,0.0437125
1285,0.0783835
1286,0.483631
1287,0.396932
1288,0.702478
1289,0.0957413
1290,0.0634786
1291,0.323888
1292,0.152106
1293,0.0240452
1294,0.117756
1295,0.0471057
1296,0.254585
1297,0.0315988
1298,0.0788791
1299,0.0868204
1300,0.553604
1301,0.089008
1302,0.188706
1303,0.033117
1304,0.0348963
1305,0.185513
1306,0.22813
1307,0.22665
1308,0.0233061
1309,0.518833
1310,0.0139167
1311,0.0178106
1312,0.108585
1313,0.0335866
1314,0.0815093
1315,0.0198702
1316,0.306817
1317,0.0250286
1318,0.388441
1319,0.0324037
1320,0.0818798
1321,0.0345426
1322,0.0343939
1323,0.129638
1324,0.0728564
1325,0.71088
1326,0.0112395
1327,0.529347
1328,0.673161
1329,0.0277505
1330,0.0100182
1331,0.0569237
1332,0.0486972
1333,0.0269618
1334,0.323394
1335,0.0184821
1336,0.280169
1337,0.442138
1338,0.222036
1339,0.505345
1340,0.112405
1341,0.254459
1342,0.0979685
1343,0.284158
1344,0.0639264
1345,0.0186488
1346,0.131873
1347,0.0139654
1348,0.591333
1349,0.0486621
1350,0.0898422
1351,0.0547368
1352,0.0919307
1353,0.0950028
1354,0.173065
1355,0.0248448
1356,0.0875779
1357,0.0901116
1358,0.0566164
1359,0.0946218
1360,0.231081
1361,0.0434099
1362,0.0570336
1363,0.0169762
1364,0.075679
1365,1.29613
1366,0.0339383
1367,0.806965
1368,0.146249
1369,0.224531
1370,0.0183114
1371,0.014895
1372,0.0128547
1373,0.0139195
1374,0.0417876
1375,0.339626
1376,0.0566917
1377,0.282642
1378,0.159356
1379,0.0168358
1380,0.551715
1381,0.960114
1382,0.137964
1383,0.0530486
1384,0.2943
1385,0.367528
1386,0.0248052
1387,0.0158785
1388,0.122541
1389,0.0833274
1390,0.163415
1391,0.0434548
1392,0.0971497
1393,0.204314
1394,0.33181
1395,0.0133408
1396,0.0929619
1397,0.127136
1398,0.0140658
1399,0.019229
1400,0.0181048
1401,0.0973493
1402,0.0196049
1403,0.0442699
1404,0.0934414
1405,0.0848543
1406,0.0163471
1407,0.159171
1408,0.795838
1409,0.0925127
1410,1.26867
1411,0.0789866
1412,0.07863
1413,0.662769
1414,0.063184
1415,0.155424
1416,0.0125785
1417,0.875936
1418,0.129067
1419,0.0234338
1420,0.419574
1421,0.0181449
1422,0.238223
1423,0.23475
1424,0.0152376
1425,0.23382
1426,0.218142
1427,0.611506
1428,0.09355
1429,0.186901
1430,0.152492
1431,0.0867797
1432,0.130869
1433,0.0606247
1434,0.28104
1435,0.723185
1436,0.0860711
1437,0.0215146
1438,0.0637911
1439,0.0458848
1440,0.0479412
1441,0.0230655
1442,0.0103095
1443,0.0727598
1444,0.0357763
1445,0.129123
1446,0.399662
1447,0.0187712
1448,0.0479295
1449,0.128613
1450,0.0533896
1451,0.227151
1452,0.0992031
1453,0.197823
1454,0.0428179
1455,0.989558
1456,0.0775837
1457,0.0983049
1458,0.149484
1459,0.049501
1460,0.0164544
1461,0.142471
1462,0.0422
1463,0.122183
1464,0.054086
1465,0.191892
1466,0.341646
1467,0.0904493
1468,0.0352374
1469,0.0448609
1470,0.182209
1471,0.0262695
1472,0.1418
1473,0.0974457
1474,0.0302438
1475,0.313322
1476,0.0294244
1477,0.736794
1478,0.0973765
1479,0.0574908
1480,0.491105
1481,0.057693
1482,0.560857
1483,0.0478266
1484,0.0113465
1485,0.0482364
1486,0.878519
1487,0.0326737
1488,0.0421524
1489,0.0196826
1490,0.262685
1491,0.115276
1492,0.017283
1493,0.143752
1494,0.0635888
1495,0.178438
1496,0.0151622
1497,0.0116718
1498,0.119241
1499,0.301251
1500,0.715369
1501,0.181518
1502,0.0781512
1503,0.177045
1504,0.58293
1505,0.592144
1506,0.134062
1507,0.0465814
1508,0.24443
1509,0.048172
1510,0.113898
1511,0.0495889
1512,0.0202523
1513,0.033543
1514,0.151565
1515,0.100688
1516,0.0569499
1517,0.239535
1518,0.95976
1519,0.0461636
1520,0.120903
1521,0.622492
1522,0.0201892
1523,0.0625289
1524,0.0925838
1525,0.0431586
1526,0.676142
1527,0.640486
1528,0.141539
1529,0.0254769
1530,0.0375804
1531,0.209168
1532,0.0312467
1533,0.117804
1534,0.415391
1535,0.343831
1536,0.151439
1537,0.100208
1538,0.147066
1539,0.0297886
1540,0.0721462
1541,0.216201
1542,0.598272
1543,0.0485059
1544,0.020106
1545,0.132884
1546,0.139797
1547,0.0671712
1548,0.571417
1549,0.196949
1550,0.261126
1551,0.196589
1552,0.138558
1553,0.985943
1554,0.247155
1555,0.164723
1556,0.352625
1557,0.0598287
1558,0.0167047
1559,0.0967386
1560,0.0910618
1561,0.0293701
1562,0.161478
1563,0.839818
1564,0.191238
1565,0.700183
1566,0.272078
1567,0.104545
1568,0.0604991
1569,0.0852523
1570,0.0333582
1571,0.210849
1572,0.0246842
1573,0.218068
1574,0.0448553
1575,0.646698
1576,0.0319254
1577,0.0413731
1578,0.177642
1579,0.225017
1580,0.025035
1581,0.103744
1582,0.0655354
1583,0.0434001
1584,0.185774
1585,0.665141
1586,0.123068
1587,0.0156071
1588,0.0133724
1589,0.0210671
1590,0.139897
1591,0.409931
1592,0.299501
1593,0.0178607
1594,0.0275186
1595,0.024157
1596,0.0108451
1597,0.020179
1598,0.306489
1599,0.0233228
1600,0.652204
1601,0.0805423
1602,0.0355616
1603,0.202832
1604,0.0198593
1605,0.694729
1606,1.09327
1607,0.0269627
1608,0.192483
1609,0.335611
1610,0.0554809
1611,0.0242152
1612,0.280714
1613,0.0411332
1614,0.0548316
1615,0.340541
1616,0.0527284
1617,0.02054
1618,0.0569402
1619,0.392227
1620,0.285221
1621,0.0178049
1622,0.137536
1623,0.0152884
1624,0.0259562
1625,0.0735722
1626,1.58318
1627,0.105435
1628,0.104023
1629,1.10614
1630,0.0355165
1631,0.676349
1632,0.0254636
1633,0.044751
1634,0.222233
1635,0.198793
1636,0.0618976
1637,0.0223362
1638,0.106013
1639,0.331689
1640,0.145761
1641,0.0164829
1642,0.109947
1643,0.629276
1644,0.365801
1645,0.0206506
1646,0.106797
1647,0.120074
1648,0.550866
1649,0.0178211
1650,0.0103857
1651,0.0570727
1652,0.20288
1653,0.330122
1654,0.515752
1655,0.0512814
1656,0.0334286
1657,0.0887097
1658,0.0407492
1659,1.11727
1660,0.0593948
1661,0.291795
1662,0.152764
1663,0.120498
1664,0.0854071
1665,0.0950834
1666,0.120908
1667,0.0569063
1668,0.106066
1669,0.0617514
1670,0.322536
1671,0.0491713
1672,0.0274303
1673,0.0453204
1674,0.0210464
1675,0.025468
1676,0.516225
1677,0.0446957
1678,0.0120257
1679,0.0383334
1680,0.0739699
1681,0.0248721
1682,0.0614782
1683,0.416294
1684,0.0229481
1685,0.235026
1686,0.0233645
1687,0.0297023
1688,0.215193
1689,0.307265
1690,0.228915
1691,0.22594
1692,0.100289
1693,0.0585365
1694,0.0887997
1695,0.769777
1696,0.0578142
1697,0.355601
1698,0.883751
1699,0.0426569
1700,0.0582862
1701,0.0199085
1702,0.0279618
1703,0.0138117
1704,0.345335
1705,0.0598395
1706,0.0325254
1707,0.030826
1708,0.026002
1709,0.110809
1710,0.0878823
1711,0.11412
1712,0.200975
1713,0.365923
1714,0.237385
1715,0.0229659
1716,0.0144323
1717,0.0780482
1718,0.242385
1719,0.0885452
1720,0.18602
1721,0.179702
1722,0.0504379
1723,0.0916083
1724,0.0201257
1725,0.0954465
1726,0.216645
1727,0.0938129
1728,0.164701
1729,0.014623
1730,0.0351014
1731,0.0127146
1732,0.0205774
1733,0.0657921
1734,0.0660828
1735,0.0943148
1736,0.0143417
1737,0.183045
1738,0.405152
1739,0.0136709
1740,0.0139525
1741,0.11787
1742,0.0398472
1743,0.193853
1744,0.0484669
1745,0.522311
1746,0.0292646
1747,0.0156595
1748,0.0195354
1749,0.484208
1750,0.099666
1751,0.0100536
1752,0.0697724
1753,0.112599
1754,0.0839313
1755,0.0453978
1756,0.166612
1757,0.0234948
1758,0.0147402
1759,0.0111892
1760,0.0379481
1761,0.0926419
1762,0.0360768
1763,0.0766363
1764,0.139013
1765,0.0829435
1766,0.0184358
1767,0.126103
1768,0.0679415
1769,0.847111
1770,0.10241
1771,0.136813
1772,0.0306897
1773,0.45873
1774,0.0819762
1775,0.843673
1776,0.277412
1777,0.0447562
1778,0.0951241
1779,0.0274365
1780,0.128517
1781,0.0955317
1782,0.335123
1783,0.0108489
1784,0.0174542
1785,0.139466
1786,0.0502168
1787,0.796806
1788,0.0888434
1789,0.0806317
1790,0.245007
1791,0.150276
1792,0.0427111
1793,0.0862095
1794,0.0470267
1795,0.532375
1796,0.267205
1797,0.142247
1798,0.0903747
1799,0.0805485
1800,0.0140786
1801,0.154168
1802,0.0976417
1803,0.167024
1804,0.0697308
1805,0.0266197
1806,0.0103341
1807,0.102289
1808,0.0139263
1809,0.158185
1810,0.262933
1811,0.0792266
1812,0.151635
1813,0.135363
1814,0.148089
1815,0.0904189
1816,0.247383
1817,0.113781
1818,0.0604288
1819,0.133774
1820,0.0728788
1821,0.146039
1822,0.522349
1823,0.56744
1824,0.19423
1825,0.378987
1826,0.0375312
1827,0.79258
1828,0.111501
1829,0.0266591
1830,0.320484
1831,0.890415
1832,0.0345749
1833,0.128187
1834,0.018636
1835,0.0467266
1836,0.0987903
1837,0.438989
1838,0.236674
1839,0.917277
1840,0.0702537
1841,0.0151417
1842,0.0472893
1843,0.0484296
1844,0.0160716
1845,0.050582
1846,0.0340243
1847,0.330188
1848,0.0123772
1849,0.18755
1850,0.762189
1851,0.080168
1852,0.364972
1853,0.164321
1854,0.10956
1855,0.18441
1856,0.278238
1857,0.294289
1858,0.022697
1859,0.0555318
1860,0.0249848
1861,0.018396
1862,0.094403
1863,0.0635644
1864,0.0943638
1865,0.0699195
1866,0.272287
1867,0.072418
1868,0.349686
1869,0.0443743
1870,0.0343108
1871,0.0183724
1872,0.753758
1873,0.816315
1874,0.211025
1875,0.0230138
1876,0.0147261
1877,0.0474836
1878,0.0226076
1879,0.132324
1880,0.074282
1881,0.132183
1882,0.149772
1883,0.328157
1884,0.096927
1885,0.0638941
1886,0.0208877
1887,0.0798113
1888,0.0275061
1889,0.333788
1890,1.16118
1891,0.11646
1892,0.0492311
1893,0.240038
1894,0.0289365
1895,0.0888187
1896,0.838777
1897,0.525376
1898,0.285463
1899,0.413188
1900,0.0800226
1901,0.0121799
1902,0.188451
1903,0.0378827
1904,0.010405
1905,0.307181
1906,0.0140458
1907,0.0185934
1908,0.133054
1909,0.327455
1910,0.0112134
1911,0.0213355
1912,0.0172942
1913,0.132019
1914,1.0734
1915,0.118605
1916,0.0799854
1917,0.0993745
1918,0.016312
1919,0.017638
1920,1.03731
1921,0.0148144
1922,0.0466841
1923,0.0225944
1924,0.0415456
1925,0.157943
1926,0.0335184
1927,0.144235
1928,0.0753464
1929,0.148954
1930,0.182985
1931,0.0361014
1932,0.355496
1933,0.027104
1934,0.0176454
1935,0.276634
1936,0.0620991
1937,0.203892
1938,0.0167024
1939,0.0928009
1940,0.269832
1941,0.231256
1942,0.234249
1943,0.0203414
1944,0.216102
1945,0.099848
1946,0.104897
1947,0.674926
1948,0.570954
1949,0.1729
1950,0.223297
1951,0.13173
1952,0.0630061
1953,0.0177567
1954,0.0109532
1955,0.0477353
1956,0.0142986
1957,0.0265683
1958,0.144432
1959,0.226632
1960,0.204202
1961,0.289543
1962,0.18225
1963,0.0354466
1964,0.0275243
1965,0.871915
1966,0.464342
1967,0.0189977
1968,0.820807
1969,0.138796
1970,0.0310927
1971,0.125944
1972,0.484445
1973,0.201243
1974,0.627768
1975,0.063785
1976,0.011049
1977,0.0302379
1978,0.986305
1979,0.501341
1980,0.0337972
1981,0.466415
1982,0.0167318
1983,0.0287033
1984,0.0413113
1985,1.0923
1986,0.0456858
1987,0.202038
1988,0.485798
1989,0.43854
1990,0.52274
1991,0.443903
1992,0.0103007
1993,0.76597
1994,0.1082
1995,1.87971
1996,0.197983
1997,0.095208
1998,0.978883
1999,0.283135
2000,0.137457
2001,0.0209088
2002,0.373418
2003,0.14281
2004,0.013387
2005,0.1821
2006,0.0757532
2007,0.124467
2008,0.150873
2009,0.181312
2010,0.365366
2011,0.208148
2012,0.186084
2013,0.0236722
2014,1.05592
2015,0.017943
2016,0.0162656
2017,0.021191
2018,0.10987
2019,0.0116844
2020,0.154321
2021,0.0576034
2022,0.0887842
2023,0.558154
2024,0.0185453
2025,0.0360073
2026,0.0457173
2027,0.212285
2028,0.0658716
2029,0.0672337
2030,0.0998176
2031,0.0228848
2032,0.0311633
2033,0.386915
2034,0.15373
2035,0.0311386
2036,0.0316719
2037,0.0237892
2038,0.061031
2039,0.0534497
2040,0.0260748
2041,0.0659559
2042,0.20372
2043,0.241434
2044,0.329067
2045,0.0127293
2046,0.038299
2047,0.0125599
2048,0.114297
2049,0.308651
2050,0.0410973
2051,0.0133935
2052,0.0192197
2053,0.2158
2054,0.329239
2055,0.060389
2056,0.012963
2057,0.134071
2058,0.435377
2059,0.0329476
2060,0.255848
2061,0.282781
2062,0.02699
2063,0.113479
2064,0.037313
2065,0.169791
2066,0.0174113
2067,0.0820649
2068,0.0359788
2069,0.221515
2070,0.271072
2071,0.0534562
2072,0.0365772
2073,0.0209519
2074,0.0426988
2075,0.175327
2076,0.154254
2077,0.268464
2078,0.0785658
2079,0.155633
2080,0.149012
2081,0.066663
2082,0.110853
2083,0.453521
2084,0.533694
2085,0.0394318
2086,0.101084
2087,0.258651
2088,0.156148
2089,0.040721
2090,0.133359
2091,0.297504
2092,0.137828
2093,0.632761
2094,0.053462
2095,0.0814547
2096,0.0564718
2097,0.0300345
2098,0.0397824
2099,0.0406728
2100,0.262539
2101,0.0102429
2102,0.112823
2103,0.0904961
2104,0.0820204
2105,0.0496001
2106,0.0246078
2107,0.0489472
2108,0.68171
2109,0.265854
2110,0.0892425
2111,0.0178456
2112,0.0157132
2113,0.0746016
2114,0.0117658
2115,0.132856
2116,0.0315463
2117,0.216015
2118,1.33699
2119,0.0252112
2120,0.544802
2121,0.0672887
2122,0.0353817
2123,0.160746
2124,0.158886
2125,0.0402934
2126,0.0409471
2127,0.0190146
2128,0.199373
2129,0.0440823
2130,0.107962
2131,0.386298
2132,0.117469
2133,0.0257782
2134,0.0670752
2135,0.0288272
2136,0.108548
2137,0.0338926
2138,0.187634
2139,0.0106608
2140,0.0142475
2141,0.0346924
2142,0.0906283
2143,0.0311585
2144,0.575071
2145,0.402758
2146,0.0304245
2147,0.0224899
2148,0.0525262
2149,0.113983
2150,0.638909
2151,0.0545879
2152,0.118435
2153,0.03809
2154,0.0585282
2155,0.528285
2156,0.110691
2157,0.439132
2158,0.043553
2159,0.466445
2160,0.0115708
2161,0.0915177
2162,0.0693007
2163,0.137058
2164,1.15784
2165,0.0314076
2166,0.286249
2167,0.408827
2168,0.055723
2169,0.0181912
2170,0.0730005
2171,0.036326
2172,0.568759
2173,0.0626497
2174,0.0547092
2175,0.0303101
2176,0.0203257
2177,0.42706
2178,0.232503
2179,0.0231478
2180,0.742725
2181,0.181853
2182,0.208552
2183,0.31153
2184,0.0519365
2185,0.0803049
2186,0.127687
2187,0.0893867
2188,1.1844
2189,0.534298
2190,0.13835
2191,0.136778
2192,0.101106
2193,0.341422
2194,0.0849029
2195,0.0390382
2196,0.0586977
2197,0.0363926
2198,0.0197009
2199,0.0265106
2200,0.0247619
2201,0.0883445
2202,0.0327431
2203,0.0191061
2204,0.171152
2205,0.497978
2206,0.013184
2207,0.0516911
2208,0.450379
2209,0.900564
2210,0.169602
2211,0.232334
2212,0.0226668
2213,0.821476
2214,0.0151059
2215,0.240285
2216,0.0246673
2217,0.209966
2218,0.0225737
2219,0.013916
2220,0.0783512
2221,0.148793
2222,0.263659
2223,0.265408
2224,0.0648644
2225,0.0909425
2226,0.0790495
2227,0.162244
2228,0.060076
2229,0.16668
2230,0.188895
2231,0.153932
2232,0.351827
2233,0.031736
2234,0.0258015
2235,0.916157
2236,0.0207426
2237,0.108444
2238,0.0988232
2239,0.095262
2240,0.130678
2241,0.0368994
2242,0.0909122
2243,0.0815188
2244,0.0998874
2245,0.0592027
2246,0.0193952
2247,0.124954
2248,0.230285
2249,0.179476
2250,0.482867
2251,0.0843161
2252,0.0416723
2253,0.467673
2254,0.56992
2255,0.213515
2256,0.139421
2257,0.0518683
2258,0.195469
2259,0.155495
2260,0.0754587
2261,0.0338081
2262,0.012446
2263,0.557677
2264,0.408376
2265,0.023512
2266,0.373106
2267,0.0237015
2268,0.0957726
2269,0.200584
2270,0.201155
2271,0.0127961
2272,0.272163
2273,0.982404
2274,0.0478589
2275,0.274365
2276,0.0355425
2277,0.0523326
2278,0.0160418
2279,0.0435292
2280,0.0161911
2281,0.20816
2282,0.179689
2283,0.111026
2284,0.0681887
2285,1.76781
2286,0.147987
2287,0.191418
2288,0.258618
2289,0.164927
2290,0.0921013
2291,0.0340183
2292,0.12968
2293,0.0401832
2294,0.410054
2295,0.0533488
2296,0.526356
2297,0.0259701
2298,0.0774261
2299,0.248293
2300,0.954432
2301,0.084595
2302,0.0277336
2303,0.481079
2304,0.0499331
2305,0.153021
2306,0.120332
2307,0.0548601
2308,0.032176
2309,0.0270093
2310,0.176395
2311,0.363407
2312,0.373819
2313,1.14818
2314,0.196307
2315,0.150388
2316,0.0787927
2317,0.0290458
2318,0.117765
2319,0.0380279
2320,0.0154162
2321,0.41669
2322,0.165835
2323,0.0334174
2324,0.0991689
2325,0.322416
2326,0.0433321
2327,0.0114691
2328,0.0515686
2329,0.0787119
2330,0.0414866
2331,0.121965
2332,0.057717
2333,0.190253
2334,0.44019
2335,0.581369
2336,0.0518626
2337,0.0963528
2338,0.363379
2339,0.603196
2340,0.0853667
2341,0.022136
2342,0.0990654
2343,0.0423117
2344,0.0962868
2345,0.25634
2346,0.0827074
2347,0.0184066
2348,0.151454
2349,0.0325306
2350,0.0120241
2351,0.106184
2352,0.325967
2353,0.153442
2354,0.151287
2355,0.0129435
2356,0.041201
2357,0.384963
2358,0.0757322
2359,0.710188
2360,0.640341
2361,0.347068
2362,0.0310015
2363,0.0175627
2364,0.495418
2365,0.211821
2366,0.161742
2367,0.658531
2368,0.177114
2369,0.180118
2370,0.105633
2371,0.320837
2372,0.0119341
2373,0.0154435
2374,0.0518105
2375,0.0822624
2376,0.0367677
2377,0.0162422
2378,0.0568081
2379,0.328603
2380,0.675931
2381,0.294739
2382,0.0296683
2383,0.091976
2384,0.33959
2385,0.0214377
2386,0.0199972
2387,0.106862
2388,0.112435
2389,0.0353148
2390,0.0312154
2391,0.0453456
2392,0.0169647
2393,0.0858952
2394,0.0729614
2395,0.287544
2396,0.354806
2397,0.0574211
2398,0.0692749
2399,0.022341
2400,0.0163654
2401,0.187776
2402,0.0104752
2403,0.0791697
2404,0.0267109
2405,0.347944
2406,0.133626
2407,0.0340687
2408,0.200536
2409,0.0120088
2410,0.0311287
2411,0.0888993
2412,0.0380902
2413,0.920974
2414,0.0989038
2415,0.21704
2416,0.0892948
2417,0.0101469
2418,0.0128709
2419,0.158291
2420,0.54821
2421,0.178792
2422,0.192445
2423,0.669882
2424,0.261539
2425,0.0177829
2426,0.048137
2427,0.124656
2428,0.16458
2429,0.551801
2430,0.0115966
2431,0.194134
2432,0.0742641
2433,0.0398967
2434,0.10523
2435,0.225476
2436,0.0674301
2437,0.0430328
2438,0.169709
2439,1.50267
2440,0.180357
2441,0.0749055
2442,0.261107
2443,0.59684
2444,0.107545
2445,0.896101
2446,0.216875
2447,0.10562
2448,0.0297552
2449,0.0453782
2450,0.294245
2451,0.113043
2452,0.0454571
2453,0.289511
2454,0.0610768
2455,0.107757
2456,0.0140303
2457,0.0143038
2458,0.0839368
2459,0.355308
2460,0.249784
2461,0.169981
2462,0.0763404
2463,0.074185
2464,0.123158
2465,0.1475
2466,0.0157857
2467,1.14308
2468,0.022079
2469,0.0912598
2470,0.0156848
2471,0.81511
2472,0.393021
2473,0.0978196
2474,0.297936
2475,0.0193699
2476,0.089852
2477,0.0153068
2478,0.525239
2479,0.0666866
2480,0.065194
2481,0.165538
2482,0.0146377
2483,0.0129532
2484,0.964143
2485,0.0729165
2486,0.0274062
2487,0.155553
2488,0.0257934
2489,0.503265
2490,0.630712
2491,0.232251
2492,1.08209
2493,0.04024
2494,0.0273611
2495,0.188712
2496,0.0288436
2497,0.0259503
2498,0.0389971
2499,0.127882
2500,0.116427
2501,0.108307
2502,0.118245
2503,0.0299834
2504,0.162955
2505,0.254757
2506,0.437104
2507,0.16065
2508,0.0524183
2509,0.134307
2510,0.303681
2511,0.215772
2512,0.114988
2513,0.0509341
2514,0.172672
2515,0.179177
2516,0.0219077
2517,0.420054
2518,0.0771451
2519,0.237655
2520,0.0274316
2521,0.164778
2522,0.127372
2523,0.0193269
2524,0.259957
2525,1.27087
2526,0.216915
2527,0.153076
2528,0.12797
2529,0.0137397
2530,0.075199
2531,0.327899
2532,0.258557
2533,0.156922
2534,0.177822
2535,0.666473
2536,0.0137337
2537,0.202661
2538,0.369921
2539,0.0860538
2540,0.0188964
2541,0.160486
2542,0.164816
2543,0.073429
2544,0.0128204
2545,0.425037
2546,0.492309
2547,0.271454
2548,0.0359939
2549,0.0518077
2550,0.0351668
2551,0.0488106
2552,0.397093
2553,0.253376
2554,0.333912
2555,0.0136863
2556,0.0848849
2557,0.0629781
2558,0.0988033
2559,0.655107
2560,0.266275
2561,0.956868
2562,0.01297
2563,0.259595
2564,0.0934557
2565,0.1066
2566,0.10627
2567,0.194091
2568,0.272141
2569,0.0428573
2570,0.359828
2571,0.850106
2572,0.170228
2573,0.033382
2574,0.426642
2575,0.106071
2576,0.177459
2577,0.0278678
2578,0.0667096
2579,0.752252
2580,0.0122883
2581,0.0212817
2582,0.0159026
2583,0.0880005
2584,0.0433006
2585,0.310397
2586,0.028322
2587,0.489362
2588,0.0321414
2589,0.0659136
2590,0.126298
2591,0.155823
2592,0.0741715
2593,0.0385064
2594,0.345512
2595,0.0106867
2596,0.109419
2597,0.13147
2598,0.0140455
2599,0.0384071
2600,2.83675
2601,0.0243793
2602,0.525609
2603,0.470099
2604,0.157256
2605,0.0595872
2606,0.0957704
2607,0.0370079
2608,0.109626
2609,0.581616
2610,0.0291557
2611,0.308683
2612,0.106801
2613,0.660296
2614,0.0871206
2615,0.166281
2616,0.0288032
2617,0.349308
2618,0.0431965
2619,0.0118441
2620,0.305463
2621,0.370855
2622,0.47355
2623,0.0297452
2624,0.0915229
2625,0.0185443
2626,0.779591
2627,0.0771246
2628,0.0130761
2629,0.0318006
2630,0.349184
2631,0.162462
2632,0.689264
2633,0.029393
2634,0.0617934
2635,0.0428439
2636,0.151558
2637,0.150583
2638,0.987517
2639,0.152092
2640,0.034041
2641,0.79882
2642,0.181378
2643,0.0328844
2644,0.118717
2645,0.173657
2646,0.0430747
2647,0.309444
2648,0.375885
2649,0.0466359
2650,0.0116478
2651,0.129018
2652,0.298475
2653,0.0114935
2654,0.0471714
2655,0.340193
2656,1.08929
2657,0.0210477
2658,0.173226
2659,4.33091
2660,0.0127547
2661,0.0633363
2662,0.140728
2663,0.072711
2664,0.018736
2665,0.0825944
2666,0.311479
2667,0.146751
2668,0.274397
2669,0.147688
2670,0.187256
2671,0.0697984
2672,0.105981
2673,0.0273417
2674,0.224008
2675,0.129625
2676,0.0232121
2677,0.885241
2678,0.0255696
2679,0.570485
2680,0.05294
2681,0.0174771
2682,0.0413653
2683,0.11444
2684,0.0586863
2685,0.0433346
2686,0.333557
2687,0.0445317
2688,0.234808
2689,0.0878173
2690,0.106187
2691,0.0889927
2692,0.106509
2693,0.0458046
2694,0.698212
2695,0.274212
2696,0.210508
2697,0.0815215
2698,0.165658
2699,0.0555704
2700,0.340449
2701,0.2225
2702,0.0336383
2703,0.0243078
2704,0.110052
2705,0.466114
2706,0.201724
2707,0.108895
2708,0.0107565
2709,0.057111
2710,0.221943
2711,0.136496
2712,0.0158452
2713,0.0313771
2714,0.0666444
2715,0.331537
2716,0.102414
2717,0.0490012
2718,0.0170946
2719,0.0125476
2720,0.0182499
2721,0.0300532
2722,0.0640833
2723,0.0115346
2724,0.283793
2725,0.116908
2726,0.362586
2727,0.0496155
2728,0.18772
2729,0.133851
2730,0.186867
2731,0.796579
2732,0.214943
2733,0.188892
2734,0.0617126
2735,0.0178042
2736,0.410699
2737,0.195384
2738,1.04202
2739,0.0385179
2740,0.0492546
2741,0.257759
2742,0.0752012
2743,0.703305
2744,0.0155333
2745,0.0386516
2746,0.238223
2747,0.194566
2748,1.33284
2749,0.0271202
2750,0.234212
2751,0.0265167
2752,0.167523
2753,0.255761
2754,0.0415273
2755,0.096422
2756,0.574187
2757,0.0333427
2758,0.174546
2759,0.0883332
2760,0.215742
2761,0.0666917
2762,0.0680616
2763,0.0659454
2764,0.0385109
2765,0.0211122
2766,0.0276696
2767,0.0404593
2768,0.0382459
2769,0.0176836
2770,0.246522
2771,0.355213
2772,0.0473298
2773,0.0650958
2774,0.457585
2775,0.098719
2776,0.206581
2777,0.0688473
2778,0.414877
2779,0.847702
2780,0.307852
2781,0.0951059
2782,0.292119
2783,0.428505
2784,0.0365552
2785,0.0198024
2786,0.595232
2787,0.0717802
2788,0.0429085
2789,0.0536914
2790,0.0248587
2791,0.264711
2792,0.335664
2793,0.0293837
2794,0.124237
2795,0.250906
2796,0.0173929
2797,0.0225854
2798,0.398773
2799,0.360824
2800,0.0265053
2801,0.0910075
2802,0.0106466
2803,0.172174
2804,0.163086
2805,0.2365
2806,0.0276711
2807,1.1596
2808,0.74157
2809,0.0907523
2810,0.177757
2811,0.1551
2812,0.0311312
2813,0.0616132
2814,0.0260163
2815,0.0185612
2816,0.615714
2817,0.132285
2818,0.0199837
2819,0.070341
2820,0.0944206
2821,0.118356
2822,0.581045
2823,0.380465
2824,0.0730217
2825,0.0330874
2826,0.158906
2827,0.571826
2828,0.222625
2829,0.196385
2830,0.137606
2831,0.0419781
2832,0.0327082
2833,0.0654562
2834,0.245244
2835,0.0115059
2836,0.0423293
2837,0.345529
2838,0.186862
2839,0.0284184
2840,0.0359178
2841,0.0567356
2842,0.0767995
2843,0.0288489
2844,0.196485
2845,0.0212825
2846,0.0436899
2847,0.234177
2848,0.102406
2849,0.155348
2850,0.036351
2851,0.137015
2852,0.15938
2853,0.712925
2854,0.0816576
2855,0.084344
2856,0.101772
2857,0.0926556
2858,0.0277201
2859,0.167088
2860,0.743293
2861,0.12551
2862,0.253836
2863,0.146572
2864,0.0311516
2865,0.0178156
2866,0.0875928
2867,0.0568857
2868,0.0449651
2869,0.0225331
2870,0.343275
2871,0.175235
2872,0.217454
2873,0.118329
2874,0.0116357
2875,0.201755
2876,0.160118
2877,0.187695
2878,0.0799598
2879,0.0914562
2880,0.532627
2881,0.0589333
2882,0.148412
2883,0.042392
2884,0.0386313
2885,0.0986237
2886,0.0195703
2887,0.0306325
2888,0.194959
2889,0.126649
2890,0.0182292
2891,0.247983
2892,0.115914
2893,0.127985
2894,0.14405
2895,0.56082
2896,0.0193896
2897,0.0299647
2898,0.159111
2899,0.0915811
2900,0.421027
2901,0.268638
2902,0.0710367
2903,0.0388163
2904,0.172536
2905,1.12207
2906,0.0128043
2907,0.0116217
2908,0.0928976
2909,0.194392
2910,0.0787249
2911,0.0334621
2912,0.0305433
2913,0.0999063
2914,0.0110348
2915,0.174422
2916,0.146206
2917,0.185333
2918,0.0551127
2919,0.114471
2920,0.470086
2921,0.0153879
2922,0.0612439
2923,0.0299735
2924,0.142731
2925,0.096651
2926,0.0126645
2927,0.174787
2928,0.013879
2929,0.0578251
2930,0.0145455
2931,0.107154
2932,0.158056
2933,0.0142442
2934,0.0682814
2935,0.0371795
2936,0.549448
2937,0.191505
2938,0.11327
2939,0.111553
2940,0.0626262
2941,0.0639028
2942,0.0294224
2943,0.0169338
2944,0.225421
2945,0.158566
2946,0.0777854
2947,0.172061
2948,0.0600339
2949,0.0923604
2950,0.10208
2951,0.790358
2952,0.169768
2953,0.305993
2954,0.0135476
2955,0.0382583
2956,0.422141
2957,0.885891
2958,0.180816
2959,0.0363805
2960,0.121357
2961,0.0232092
2962,0.207517
2963,0.0609259
2964,0.71497
2965,0.136182
2966,0.203261
2967,0.226315
2968,0.331776
2969,0.0362403
2970,0.0831911
2971,0.0534574
2972,0.061065
2973,0.311422
2974,0.0904504
2975,0.0131806
2976,0.0171915
2977,0.0994699
2978,0.0862261
2979,0.0523902
2980,0.0367605
2981,0.772002
2982,0.0668839
2983,0.798115
2984,0.333441
2985,0.232657
2986,0.186057
2987,0.0730183
2988,0.829378
2989,0.0168109
2990,0.0606551
2991,0.141682
2992,0.0101489
2993,0.0144067
2994,0.0413577
2995,0.0162746
2996,0.0465764
2997,0.243088
2998,0.127201
2999,0.0425584
3000,0.867952
3001,0.100235
3002,0.0258595
3003,0.502527
3004,0.157336
3005,0.711849
3006,0.280637
3007,0.0451098
3008,0.457534
3009,0.0117879
3010,0.205094
3011,0.125133
3012,0.0949862
3013,0.0678663
3014,0.307771
3015,0.0361118
3016,0.0736755
3017,0.047432
3018,0.520063
3019,0.0870841
3020,0.651365
3021,0.136852
3022,0.389377
3023,0.0206838
3024,0.202886
3025,0.109173
3026,0.0809806
3027,0.0255025
3028,0.571156
3029,0.0370107
3030,0.282497
3031,0.0201678
3032,0.366432
3033,0.0706139
3034,0.0734612
3035,0.0613315
3036,0.0370721
3037,0.420464
3038,0.187929
3039,0.13365
3040,0.0231106
3041,0.0488229
3042,0.121251
3043,0.0324312
3044,0.121919
3045,0.0530186
3046,0.121674
3047,0.167311
3048,1.3384
3049,0.865074
3050,0.28301
3051,0.0190041
3052,0.821801
3053,0.126366
3054,0.358331
3055,0.238523
3056,0.196116
3057,0.037897
3058,0.171246
3059,0.0336032
3060,0.205224
3061,0.122958
3062,0.172188
3063,0.0466439
3064,0.0392937
3065,0.103707
3066,0.0605057
3067,0.112613
3068,0.304346
3069,0.05651
3070,0.0641343
3071,0.343675
3072,0.019433
3073,0.0821006
3074,0.292352
3075,0.693823
3076,0.0215788
3077,0.0521545
3078,0.0769534
3079,0.0146219
3080,0.0212614
3081,1.19379
3082,0.0515452
3083,0.0802475
3084,1.50341
3085,0.104097
3086,0.101401
3087,0.107061
3088,0.0607964
3089,0.0144602
3090,0.0449237
3091,0.0293913
3092,0.0299909
3093,0.478772
3094,0.0192981
3095,0.0141498
3096,0.0130911
3097,1.55922
3098,0.067203
3099,0.112022
3100,0.0261976
3101,0.0255576
3102,0.0476311
3103,0.0164613
3104,0.252187
3105,0.0413946
3106,0.0122933
3107,0.0465756
3108,0.0184279
3109,0.137308
3110,0.109923
3111,0.34434
3112,0.21951
3113,0.378094
3114,0.192927
3115,0.0921107
3116,0.0237091
3117,0.311036
3118,0.0814883
3119,0.234985
3120,0.0183938
3121,0.271934
3122,0.0704982
3123,0.1806
3124,0.965135
3125,0.100304
3126,0.0509931
3127,0.371615
3128,0.0146536
3129,0.104948
3130,0.0400363
3131,0.0404617
3132,0.0124245
3133,0.0784105
3134,0.0717749
3135,0.176298
3136,0.546301
3137,0.0474255
3138,0.0269569
3139,0.0401156
3140,0.0340452
3141,0.374927
3142,0.95937
3143,0.45216
3144,0.0386458
3145,0.200413
3146,0.0116046
3147,0.0187893
3148,0.10603
3149,0.588838
3150,0.0836923
3151,0.074441
3152,0.0509072
3153,0.270412
3154,0.389756
3155,0.101602
3156,0.189379
3157,0.329029
3158,0.0277619
3159,0.113916
3160,0.0393288
3161,0.012015
3162,0.0587545
3163,0.147327
3164,0.0763292
3165,0.21407
3166,0.424691
3167,0.204193
3168,0.0225214
3169,0.0268945
3170,0.0572206
3171,0.547237
3172,0.06729
3173,0.0300751
3174,0.0562694
3175,0.014446
3176,0.150617
3177,0.100213
3178,0.100224
3179,0.111392
3180,0.0646834
3181,0.0427885
3182,0.0554926
3183,0.131605
3184,0.292976
3185,0.018949
3186,0.142234
3187,0.011268
3188,0.0159947
3189,0.0260808
3190,0.0695484
3191,1.06463
3192,0.149108
3193,0.222391
3194,0.125977
3195,0.0113984
3196,0.0381838
3197,0.480728
3198,0.156275
3199,0.392725
3200,0.510946
3201,0.278619
3202,0.0138502
3203,0.118633
3204,0.829491
3205,0.839894
3206,0.517706
3207,0.0595701
3208,0.0702574
3209,0.127198
3210,0.263882
3211,0.0630197
3212,0.0188536
3213,0.0152019
3214,0.0198649
3215,0.562701
3216,0.131414
3217,0.0133017
3218,0.0185241
3219,0.0467528
3220,1.22463
3221,0.310192
3222,0.830431
3223,0.164578
3224,0.0728084
3225,0.053362
3226,0.0872122
3227,0.127563
3228,0.270713
3229,0.147621
3230,0.0534682
3231,0.037355
3232,0.187557
3233,0.0923854
3234,0.0961423
3235,0.0346766
3236,0.0286712
3237,0.0187263
3238,0.206473
3239,0.0163115
3240,0.0298325
3241,0.205971
3242,0.245837
3243,1.37876
3244,0.016894
3245,0.183079
3246,0.0709916
3247,0.0473282
3248,0.0592407
3249,0.0351607
3250,0.0198146
3251,0.243173
3252,0.0102051
3253,0.0128099
3254,0.0258397
3255,0.572065
3256,0.0296126
3257,0.0694064
3258,0.0327894
3259,0.119104
3260,0.478124
3261,0.016151
3262,0.0707457
3263,0.0281771
3264,0.0960669
3265,0.0171115
3266,0.0590041
3267,0.135901
3268,0.165966
3269,0.128057
3270,0.182802
3271,0.647806
3272,0.0305884
3273,0.294188
3274,0.106914
3275,0.063786
3276,0.961998
3277,0.0398425
3278,0.0879336
3279,0.0430984
3280,0.119114
3281,0.187116
3282,0.0142241
3283,0.0432233
3284,0.127714
3285,0.0384865
3286,0.130654
3287,0.0703322
3288,0.178038
3289,1.09843
3290,0.558941
3291,0.897725
3292,0.069507
3293,0.12969
3294,0.0651171
3295,0.0741074
3296,0.0185123
3297,0.323042
3298,0.0651626
3299,0.0842404
3300,0.171408
3301,0.0741322
3302,0.0825625
3303,0.0251876
3304,0.0317733
3305,0.153436
3306,0.0623144
3307,0.417658
3308,0.116506
3309,0.0566263
3310,0.0559721
3311,0.0487165
3312,0.0683533
3313,0.508253
3314,0.0118732
3315,0.216975
3316,0.105627
3317,0.261803
3318,0.206414
3319,0.113575
3320,0.196004
3321,0.0953947
3322,0.151557
3323,0.0126276
3324,0.0393211
3325,0.137099
3326,0.368495
3327,0.0299501
3328,0.0217098
3329,0.0545495
3330,0.131995
3331,0.192635
3332,0.0370727
3333,0.170728
3334,0.215936
3335,0.136604
3336,0.270811
3337,0.101584
3338,0.0181621
3339,0.0156052
3340,0.0673615
3341,0.0820321
3342,0.307356
3343,0.460282
3344,0.0614858
3345,0.0327463
3346,0.0420446
3347,0.430875
3348,0.237403
3349,0.0360605
3350,0.0187945
3351,1.15293
3352,0.0214775
3353,0.0374452
3354,0.0287225
3355,0.390994
3356,0.0301638
3357,0.302564
3358,0.0280231
3359,0.225265
3360,0.760191
3361,0.011886
3362,0.855968
3363,0.0439918
3364,0.0310916
3365,0.183333
3366,1.14607
3367,0.165176
3368,0.139184
3369,0.021205
3370,0.0443966
3371,0.124776
3372,0.154008
3373,0.0183992
3374,0.0955597
3375,0.0503196
3376,0.181248
3377,0.991645
3378,0.0394987
3379,0.133998
3380,0.716785
3381,0.0246704
3382,0.110793
3383,0.487996
3384,0.0393915
3385,0.0331146
3386,0.0879609
3387,0.025502
3388,0.0875243
3389,0.0888726
3390,0.0581127
3391,0.27453
3392,0.902763
3393,0.0354306
3394,0.0127101
3395,0.0477676
3396,0.0378887
3397,0.0121184
3398,0.395955
3399,0.838386
3400,0.0518162
3401,0.26658
3402,0.996398
3403,0.0691419
3404,0.0267886
3405,0.298579
3406,0.0190474
3407,0.190927
3408,0.0887717
3409,0.0112674
3410,0.0121805
3411,0.0667849
3412,0.030096
3413,0.602481
3414,0.382797
3415,0.0144959
3416,0.0361301
3417,0.111862
3418,0.0138516
3419,0.0393162
3420,0.0121958
3421,0.0305931
3422,0.0395372
3423,0.196821
3424,0.337979
3425,0.396162
3426,0.2506
3427,0.101095
3428,1.02401
3429,0.0173542
3430,0.917937
3431,0.0847103
3432,0.0727949
3433,0.236547
3434,0.0671977
3435,0.0502026
3436,0.0132372
3437,0.0209283
3438,0.0913442
3439,0.0821795
3440,0.0444934
3441,0.0328769
3442,0.035736
3443,0.0698958
3444,0.392057
3445,0.0926099
3446,0.0554352
3447,0.0759812
3448,0.175829
3449,0.0171397
3450,0.0563692
3451,0.134497
3452,0.168585
3453,0.0616265
3454,0.0429226
3455,0.0295343
3456,0.0718944
3457,0.0576827
3458,0.0647377
3459,0.114044
3460,0.021712
3461,0.673035
3462,0.304766
3463,0.891895
3464,0.256333
3465,1.20493
3466,0.0176061
3467,0.178789
3468,0.0314437
3469,0.565136
3470,0.0819037
3471,0.100392
3472,0.606831
3473,0.165141
3474,0.221095
3475,0.125152
3476,0.0298848
3477,0.266432
3478,1.13737
3479,0.147339
3480,0.328145
3481,0.097538
3482,0.135201
3483,0.0498803
3484,0.246961
3485,0.042073
3486,0.169384
3487,0.0187935
3488,0.0361082
3489,0.0419482
3490,0.0436157
3491,0.0114367
3492,0.0358648
3493,0.171475
3494,0.0647601
3495,0.023616
3496,0.0137974
3497,0.0550593
3498,0.144364
3499,0.0341474
3500,0.368598
3501,0.111429
3502,0.0750985
3503,0.134004
3504,0.0379482
3505,1.03623
3506,0.0255766
3507,0.0354315
3508,0.0632706
3509,0.348089
3510,0.582691
3511,0.521923
3512,0.102939
3513,0.0307959
3514,0.0751175
3515,0.389892
3516,0.233572
3517,0.293917
3518,0.441564
3519,0.0639813
3520,0.0499902
3521,0.0989627
3522,0.282928
3523,0.338462
3524,0.0288324
3525,0.0138364
3526,0.108143
3527,0.0216565
3528,0.0111637
3529,0.0391063
3530,0.333785
3531,0.173816
3532,0.306639
3533,0.01136
3534,0.363392
3535,0.318623
3536,0.0341637
3537,0.0398359
3538,0.0164331
3539,0.0357975
3540,0.0129881
3541,0.132641
3542,0.415211
3543,0.136386
3544,0.0204301
3545,0.0497007
3546,0.242248
3547,0.476591
3548,0.0154784
3549,0.865457
3550,0.0235774
3551,0.0185522
3552,0.126458
3553,0.0164809
3554,0.161041
3555,0.0540879
3556,0.0340295
3557,0.113584
3558,0.0344821
3559,0.355936
3560,0.0275928
3561,0.029691
3562,0.244848
3563,0.0177405
3564,0.375482
3565,0.0963768
3566,0.169428
3567,0.179137
3568,0.0812064
3569,0.0439725
3570,0.012667
3571,0.0273184
3572,0.0151246
3573,0.375478
3574,0.378975
3575,0.0571443
3576,0.0140564
3577,0.0337426
3578,0.3854
3579,0.0236278
3580,0.486974
3581,0.0261501
3582,0.0297397
3583,0.324684
3584,0.0484155
3585,1.10276
3586,0.245244
3587,0.646712
3588,0.245333
3589,0.0315466
3590,0.0405355
3591,0.12083
3592,0.0129478
3593,0.174733
3594,0.0897371
3595,0.0133946
3596,0.134907
3597,0.159817
3598,0.767042
3599,0.1283
3600,0.306911
3601,0.343991
3602,0.0348975
3603,0.0216636
3604,0.0819992
3605,0.020632
3606,0.035207
3607,0.0355088
3608,0.0381383
3609,0.0324389
3610,0.177202
3611,0.304294
3612,0.0279572
3613,0.0200749
3614,0.402153
3615,0.414513
3616,1.02378
3617,0.0943038
3618,0.039639
3619,0.17673
3620,0.478211
3621,0.0553631
3622,0.015605
3623,0.0491961
3624,0.0187749
3625,0.883304
3626,0.0292415
3627,0.0128354
3628,0.101809
3629,0.192106
3630,0.0182525
3631,0.040309
3632,0.04433
3633,0.128096
3634,0.097816
3635,0.015274
3636,0.490127
3637,0.87968
3638,0.0325705
3639,0.0253878
3640,0.0908986
3641,1.07078
3642,0.267426
3643,0.228018
3644,0.0367135
3645,0.186142
3646,0.339651
3647,0.0194414
3648,0.0146443
3649,0.301776
3650,0.0628778
3651,0.0168048
3652,0.446518
3653,0.025981
3654,0.147669
3655,0.0138399
3656,0.284537
3657,0.0382368
3658,0.121746
3659,0.0842459
3660,0.0256189
3661,0.185044
3662,0.272483
3663,0.134981
3664,0.0200939
3665,0.0469485
3666,0.139556
3667,0.360411
3668,0.230904
3669,0.503277
3670,0.0382994
3671,0.0130301
3672,0.0133262
3673,0.0353389
3674,0.0526119
3675,0.211402
3676,0.048012
3677,0.650055
3678,0.0303456
3679,0.194521
3680,0.101465
3681,0.0367535
3682,0.525307
3683,0.0591974
3684,0.153937
3685,0.513714
3686,0.136607
3687,0.0581902
3688,0.0279655
3689,0.149201
3690,0.110224
3691,0.0306116
3692,0.445156
3693,0.149606
3694,0.0982903
3695,0.0335718
3696,0.0361619
3697,0.0421507
3698,0.412326
3699,0.29716
3700,0.398001
3701,0.0215983
3702,0.158157
3703,0.0358228
3704,0.410368
3705,0.0544382
3706,0.183155
3707,0.0336548
3708,0.222137
3709,0.0123097
3710,0.671465
3711,0.165232
3712,0.145209
3713,0.256502
3714,0.0519028
3715,0.123735
3716,0.0194842
3717,0.0203115
3718,0.0900146
3719,0.605503
3720,0.14858
3721,0.0341653
3722,1.41575
3723,0.0640954
3724,0.112647
3725,0.018881
3726,0.133607
3727,0.628056
3728,0.352154
3729,0.21558
3730,0.138416
3731,0.0156773
3732,0.425768
3733,0.153227
3734,0.480644
3735,0.492544
3736,0.516734
3737,0.13865
3738,0.521565
3739,0.0264017
3740,0.0548388
3741,0.0419242
3742,0.0362381
3743,0.534742
3744,0.0180371
3745,0.3443
3746,0.157609
3747,0.0180645
3748,0.0381054
3749,0.203948
3750,0.0477608
3751,0.0165869
3752,0.270517
3753,0.0260136
3754,0.0464161
3755,0.290456
3756,0.10038
3757,0.0157189
3758,0.026762
3759,0.0200923
3760,0.0257142
3761,0.0485591
3762,0.0113438
3763,0.0125739
3764,0.112179
3765,0.0132615
3766,0.386483
3767,0.033102
3768,0.466126
3769,0.0106632
3770,0.0167635
3771,0.0525831
3772,0.153793
3773,0.0625514
3774,0.0239646
3775,0.333085
3776,0.0131705
3777,0.144462
3778,0.0135295
3779,0.875972
3780,0.119756
3781,0.130409
3782,0.26368
3783,0.0283812
3784,0.0241957
3785,0.0283979
3786,0.0225843
3787,0.292441
3788,0.161216
3789,0.0203709
3790,0.152229
3791,0.095086
3792,0.0144362
3793,0.0726781
3794,0.858414
3795,0.0381478
3796,0.106168
3797,0.0261063
3798,0.160531
3799,0.031131
3800,0.0225554
3801,0.0747436
3802,0.582518
3803,0.0344249
3804,0.417505
3805,0.0188723
3806,0.0294367
3807,0.93586
3808,0.158725
3809,0.0597691
3810,0.0352212
3811,0.10008
3812,0.0443982
3813,0.165558
3814,0.278556
3815,0.0162826
3816,1.83826
3817,1.09738
3818,0.0276934
3819,0.265945
3820,0.014459
3821,0.013427
3822,0.272366
3823,0.0414777
3824,0.180635
3825,0.020899
3826,0.0538283
3827,0.387643
3828,0.0223215
3829,0.522673
3830,0.532879
3831,0.0392785
3832,0.0804409
3833,0.479341
3834,0.0215557
3835,0.198517
3836,0.0115
3837,0.292736
3838,0.109409
3839,0.0439836
3840,0.0109589
3841,0.0992961
3842,0.138578
3843,0.021878
3844,0.0306366
3845,0.507872
3846,0.0481133
3847,0.723808
3848,0.15284
3849,0.544016
3850,0.0976654
3851,0.0124456
3852,0.0310482
3853,0.114775
3854,0.0598793
3855,0.955873
3856,0.0106146
3857,0.0105773
3858,0.0309706
3859,0.0338753
3860,0.0494075
3861,0.0119347
3862,0.0701072
3863,0.0173607
3864,0.147854
3865,0.0253079
3866,0.06842
3867,0.0479284
3868,0.225685
3869,0.0304682
3870,0.300275
3871,0.0227878
3872,0.213556
3873,0.04336
3874,0.159816
3875,0.347444
3876,1.03904
3877,0.115205
3878,0.0369157
3879,0.285344
3880,0.0156461
3881,0.0348796
3882,0.0449611
3883,0.200421
3884,0.0305157
3885,0.0174998
3886,0.110178
3887,0.861093
3888,0.102621
3889,0.189174
3890,0.608536
3891,0.943675
3892,0.0581133
3893,0.0189644
3894,0.0312647
3895,0.0181588
3896,0.30555
3897,0.124489
3898,0.021268
3899,0.525386
3900,0.0272997
3901,1.04418
3902,0.162309
3903,0.0860541
3904,0.172327
3905,0.0367052
3906,0.0888754
3907,0.123145
3908,0.0711016
3909,0.0876243
3910,0.0412688
3911,0.143077
3912,0.0237668
3913,0.0121607
3914,0.0606969
3915,0.0382567
3916,0.072782
3917,0.0342051
3918,0.290896
3919,0.13468
3920,0.117901
3921,0.119139
3922,0.0660991
3923,0.0122933
3924,0.0395417
3925,0.176261
3926,0.1484
3927,0.0276225
3928,0.036275
3929,0.066634
3930,0.109385
3931,0.0643886
3932,0.0494983
3933,0.234306
3934,0.127668
3935,0.0422522
3936,0.279584
3937,0.114146
3938,0.0200684
3939,0.0385422
3940,0.1015
3941,0.0578135
3942,0.0668503
3943,0.118751
3944,0.0880831
3945,0.24337
3946,0.114536
3947,0.255614
3948,0.0268375
3949,0.280845
3950,0.113517
3951,0.0231144
3952,0.018711
3953,0.0305932
3954,0.0209345
3955,0.665967
3956,0.0359692
3957,0.0863552
3958,0.356712
3959,0.578208
3960,0.0346022
3961,0.282663
3962,0.296748
3963,0.126251
3964,0.0269926
3965,0.0100486
3966,0.0170303
3967,0.01493
3968,0.217938
3969,0.139203
3970,0.0710312
3971,1.11897
3972,0.0487611
3973,0.129404
3974,0.0111732
3975,0.313027
3976,0.745458
3977,0.0496494
3978,0.0746411
3979,0.0338428
3980,0.0726631
3981,0.190346
3982,0.0501856
3983,0.280579
3984,0.643031
3985,0.743102
3986,0.449189
3987,0.0872703
3988,0.240616
3989,0.933906
3990,0.139812
3991,0.810402
3992,0.0270854
3993,0.0402076
3994,0.0784786
3995,0.0407876
3996,0.276846
3997,0.326254
3998,0.382194
3999,0.0590791
4000,0.0518081
4001,0.030045
4002,0.0311358
4003,0.0866947
4004,0.257346
4005,0.304542
4006,0.0104533
4007,0.0377305
4008,0.0130256
4009,0.0121205
4010,0.212885
4011,0.466714
4012,0.744744
4013,0.190942
4014,0.0944465
4015,0.0222572
4016,0.27868
4017,0.0417153
4018,0.196232
4019,0.0180102
4020,0.0220045
4021,0.107653
4022,0.114119
4023,0.300007
4024,0.190584
4025,0.611654
4026,0.0624141
4027,0.14267
4028,0.102807
4029,0.0310212
4030,0.05389
4031,0.619784
4032,0.11289
4033,0.024218
4034,0.220853
4035,0.0130851
4036,0.665696
4037,0.370113
4038,0.0470885
4039,0.238653
4040,0.0498781
4041,0.159141
4042,0.115927
4043,0.0228204
4044,0.13699
4045,0.184807
4046,0.0211768
4047,0.0165234
4048,0.554351
4049,0.0542917
4050,0.0153271
4051,0.103259
4052,0.0560001
4053,0.253173
4054,0.0467508
4055,0.350266
4056,0.220374
4057,0.317397
4058,0.601782
4059,0.0358618
4060,0.0816251
4061,0.0836678
4062,0.0251116
4063,0.0798931
4064,0.0324365
4065,0.948507
4066,0.0122426
4067,0.0446548
4068,0.0760005
4069,0.133425
4070,0.100787
4071,0.0704716
4072,0.036703
4073,0.0435776
4074,0.216718
4075,0.092829
4076,0.014782
4077,0.128392
4078,0.0694117
4079,0.0295138
4080,0.0317639
4081,0.0212956
4082,0.163316
4083,0.167942
4084,0.323103
4085,0.0217701
4086,0.0482555
4087,0.0442016
4088,0.141914
4089,0.0521466
4090,0.29813
4091,0.102828
4092,0.353689
4093,0.27919
4094,0.0489531
4095,0.862976
4096,0.03494
4097,0.319746
4098,0.518585
4099,0.283588
4100,0.232564
4101,0.927061
4102,0.0169894
4103,0.127157
4104,0.0884302
4105,0.345581
4106,0.0193022
4107,0.0144572
4108,0.0125051
4109,0.0239844
4110,0.272361
4111,0.607834
4112,0.0962148
4113,1.61543
4114,0.0140334
4115,0.500298
4116,0.121448
4117,0.137253
4118,0.0105714
4119,0.0261987
4120,0.403443
4121,0.103729
4122,0.0414941
4123,0.0215061
4124,0.0103341
4125,0.13505
4126,0.364176
4127,0.183855
4128,0.024297
4129,0.0792373
4130,0.0932941
4131,0.0114687
4132,0.046181
4133,0.0335489
4134,0.0967352
4135,0.413211
4136,0.0142362
4137,0.0202206
4138,0.0626572
4139,0.0412514
4140,0.0148737
4141,0.121865
4142,0.438415
4143,0.0137631
4144,0.0387602
4145,0.848603
4146,0.0185218
4147,0.345747
4148,0.0319602
4149,0.467042
4150,0.100723
4151,0.0912572
4152,0.0372633
4153,0.441362
4154,0.0275306
4155,0.0107446
4156,0.14457
4157,0.606343
4158,0.017452
4159,0.020272
4160,0.157747
4161,0.395226
4162,0.0256153
4163,0.155382
4164,0.0361575
4165,0.0906579
4166,0.0716827
4167,0.026067
4168,0.204709
4169,0.036289
4170,0.0119699
4171,0.0544351
4172,0.477905
4173,0.030807
4174,0.0393782
4175,0.0115497
4176,0.0730237
4177,2.12961
4178,0.131407
4179,0.0370094
4180,0.27132
4181,0.0186634
4182,0.0116611
4183,0.0393169
4184,0.178201
4185,0.101972
4186,0.28462
4187,0.0144076
4188,0.126694
4189,0.0402548
4190,0.0283589
4191,0.101111
4192,0.204978
4193,0.0712203
4194,0.159102
4195,0.0594309
4196,0.209397
4197,0.594211
4198,0.491065
4199,0.346232
4200,0.563404
4201,0.275361
4202,0.303993
4203,0.124556
4204,0.0173272
4205,2.2468
4206,0.0121496
4207,0.0866016
4208,0.0404843
4209,0.0770739
4210,0.0362783
4211,0.116179
4212,0.0918323
4213,0.0626805
4214,0.0181172
4215,0.346166
4216,0.0484351
4217,0.507582
4218,0.016549
4219,0.0697158
4220,0.0259392
4221,0.0517761
4222,0.0547935
4223,0.0315849
4224,0.116604
4225,0.0344167
4226,0.0701846
4227,0.015448
4228,0.0470562
4229,0.0927931
4230,0.024912
4231,0.0242856
4232,0.0231597
4233,0.119287
4234,0.0365639
4235,0.323784
4236,0.186929
4237,0.408981
4238,0.0338088
4239,0.0329824
4240,0.0699386
4241,0.20136
4242,0.857814
4243,0.110341
4244,0.10669
4245,0.0270415
4246,0.18662
4247,0.0252241
4248,0.0380238
4249,0.108654
4250,0.036617
4251,0.0829381
4252,0.937721
4253,0.467945
4254,0.199765
4255,0.438798
4256,0.0140853
4257,0.0278088
4258,0.0153643
4259,0.042117
4260,0.675691
4261,0.0141612
4262,0.0297395
4263,0.0128605
4264,0.0868572
4265,0.0177563
4266,0.0254192
4267,0.119934
4268,0.123697
4269,0.278007
4270,0.0114688
4271,0.0232601
4272,0.0823714
4273,0.0465761
4274,0.306206
4275,0.172734
4276,0.029157
4277,0.0223128
4278,0.0706623
4279,0.365245
4280,0.121271
4281,0.0947733
4282,0.0221222
4283,0.675389
4284,0.0170518
4285,0.0289788
4286,0.0143339
4287,0.556943
4288,0.353519
4289,0.0429602
4290,0.0141454
4291,0.119983
4292,0.0682964
4293,0.0680372
4294,0.150598
4295,0.287363
4296,0.0490984
4297,0.0298807
4298,0.503326
4299,0.0674971
4300,0.0675469
4301,0.31413
4302,0.0378412
4303,0.0667586
4304,0.12598
4305,0.131133
4306,0.23312
4307,0.0334625
4308,0.0821695
4309,0.177527
4310,0.0373165
4311,0.378507
4312,0.0701808
4313,0.327206
4314,0.0211073
4315,0.101568
4316,0.195277
4317,0.157018
4318,0.322136
4319,0.0466864
4320,0.387396
4321,0.0724607
4322,0.0563555
4323,0.128841
4324,0.464243
4325,0.486132
4326,0.209567
4327,0.380684
4328,0.0978123
4329,0.114081
4330,0.0640614
4331,0.0839232
4332,0.0249471
4333,0.0541329
4334,0.0246927
4335,0.174535
4336,0.10308
4337,0.339244
4338,0.0392395
4339,0.331357
4340,0.19584
4341,0.0296802
4342,1.01421
4343,0.058457
4344,0.0157079
4345,0.331344
4346,0.0476301
4347,0.318681
4348,0.276291
4349,0.0389202
4350,0.423449
4351,0.133263
4352,0.0111857
4353,0.321804
4354,0.0620328
4355,0.0980115
4356,0.257479
4357,0.0141338
4358,0.0156191
4359,0.0825898
4360,0.120414
4361,0.337754
4362,0.0112945
4363,0.106962
4364,0.234769
4365,0.113684
4366,0.203713
4367,0.0560001
4368,0.353231
4369,0.0240929
4370,0.254716
4371,0.0871493
4372,0.0157132
4373,0.381977
4374,0.0249471
4375,0.48933
4376,0.726488
4377,0.425697
4378,0.154222
4379,0.779387
4380,0.223041
4381,0.048381
4382,0.055249
4383,0.0107372
4384,0.334488
4385,0.0204942
4386,0.200619
4387,0.0400029
4388,0.222582
4389,0.0703338
4390,0.0940946
4391,0.11537
4392,0.0443477
4393,0.0266604
4394,0.0876563
4395,0.0688479
4396,0.0200534
4397,0.034878
4398,0.0104443
4399,0.0259622
4400,0.041995
4401,0.391601
4402,0.551987
4403,0.0180441
4404,0.337127
4405,0.0808865
4406,0.248323
4407,0.0601673
4408,0.0236797
4409,0.0789032
4410,0.368174
4411,0.111491
4412,0.130062
4413,0.600428
4414,0.10265
4415,0.0945358
4416,0.129602
4417,0.0347342
4418,0.017106
4419,0.165947
4420,0.065964
4421,0.0250586
4422,0.141954
4423,0.0234477
4424,0.123615
4425,0.534506
4426,0.359902
4427,0.189904
4428,0.0145024
4429,0.246965
4430,0.0973468
4431,0.123156
4432,0.0363123
4433,0.460806
4434,0.0894468
4435,0.261226
4436,0.0685978
4437,0.0137376
4438,0.0902748
4439,0.0345007
4440,0.0349963
4441,0.0720579
4442,0.0104903
4443,0.100339
4444,0.038759
4445,0.208708
4446,0.560374
4447,0.0306387
4448,0.139457
4449,0.519492
4450,0.0114537
4451,0.522239
4452,0.358443
4453,0.0674126
4454,0.488967
4455,0.0188984
4456,0.257573
4457,0.0378446
4458,0.141623
4459,0.0522785
4460,0.0664005
4461,0.16538
4462,0.120376
4463,1.20839
4464,0.279732
4465,0.106347
4466,0.0414209
4467,0.224488
4468,0.546643
4469,0.13901
4470,0.0749314
4471,0.0751351
4472,0.0234537
4473,0.0165606
4474,0.13475
4475,0.0403401
4476,0.0356397
4477,0.111695
4478,0.0238328
4479,0.0580126
4480,0.0295175
4481,0.369434
4482,0.550895
4483,0.0703798
4484,0.0661301
4485,0.0469331
4486,0.60749
4487,0.0424132
4488,0.039748
4489,0.0108989
4490,0.0238992
4491,0.0143687
4492,0.048036
4493,0.108598
4494,0.0123788
4495,0.021761
4496,0.0567263
4497,0.144838
4498,0.0768308
4499,0.280053
4500,0.133101
4501,0.417291
4502,0.0455816
4503,0.205579
4504,0.050685
4505,0.0379628
4506,0.169786
4507,0.0221314
4508,0.889233
4509,0.370435
4510,0.0406092
4511,0.049547
4512,0.137792
4513,0.148458
4514,0.0149037
4515,0.158328
4516,0.0487617
4517,0.760297
4518,0.019192
4519,0.582719
4520,0.0129367
4521,0.0101995
4522,0.116205
4523,0.133566
4524,0.225944
4525,0.120464
4526,0.0231724
4527,0.0664344
4528,0.0133768
4529,0.0402902
4530,0.153969
4531,0.108754
4532,1.1679
4533,0.149461
4534,0.0739518
4535,0.081402
4536,0.216112
4537,0.0958952
4538,0.0559812
4539,0.011497
4540,0.0257771
4541,0.459711
4542,0.0666995
4543,0.0730823
4544,0.103722
4545,0.0328484
4546,0.0184621
4547,0.042149
4548,0.119068
4549,0.0670304
4550,0.162538
4551,0.0319603
4552,0.167775
4553,0.0296984
4554,0.345381
4555,0.152088
4556,0.30816
4557,1.0623
4558,0.0107854
4559,0.0103719
4560,0.278791
4561,0.0724986
4562,0.108378
4563,0.160979
4564,0.0384195
4565,0.021963
4566,0.0698906
4567,0.0644671
4568,0.0457145
4569,0.74096
4570,0.143634
4571,0.0256344
4572,0.189357
4573,0.246317
4574,0.337708
4575,0.0968088
4576,0.250597
4577,0.103253
4578,0.0174184
4579,0.44349
4580,0.237949
4581,0.252158
4582,0.0475607
4583,0.0981499
4584,0.128577
4585,0.141739
4586,0.0162999
4587,0.127958
4588,0.0674171
4589,0.161822
4590,1.05276
4591,0.994988
4592,0.6613
4593,0.0225991
4594,0.123842
4595,0.296454
4596,0.216905
4597,0.020928
4598,0.0676086
4599,0.141912
4600,0.0965431
4601,0.0257351
4602,0.0477579
4603,0.215636
4604,0.0334448
4605,0.312164
4606,0.0476549
4607,0.0529226
4608,0.0993384
4609,0.0537226
4610,0.211749
4611,0.0853958
4612,0.228029
4613,0.0377529
4614,0.112891
4615,0.0200194
4616,0.113949
4617,0.231908
4618,0.744689
4619,0.0788959
4620,0.452877
4621,0.0434281
4622,0.203403
4623,0.129157
4624,0.0128188
4625,0.0184722
4626,0.10081
4627,0.527037
4628,0.0820048
4629,0.209935
4630,0.225728
4631,0.0127545
4632,0.0147271
4633,0.663059
4634,0.111868
4635,0.0391618
4636,0.082814
4637,0.0918846
4638,0.0611766
4639,0.110238
4640,0.0108059
4641,0.036527
4642,0.0513599
4643,0.0734428
4644,0.0117866
4645,0.024946
4646,0.0688599
4647,0.0172065
4648,0.0129845
4649,0.200382
4650,0.0119875
4651,0.0115819
4652,0.0120082
4653,0.398447
4654,0.520112
4655,0.0548915
4656,0.0122352
4657,0.0620691
4658,0.571615
4659,0.277376
4660,0.286718
4661,0.058701
4662,0.0690222
4663,0.0313308
4664,0.0562206
4665,0.0106894
4666,0.681585
4667,0.0366731
4668,0.195742
4669,0.272495
4670,0.0376266
4671,0.866814
4672,0.257584
4673,0.180986
4674,0.0255534
4675,0.253427
4676,0.834018
4677,0.0676108
4678,0.0430865
4679,0.236079
4680,0.140815
4681,0.221182
4682,0.457492
4683,0.103221
4684,0.0974717
4685,0.0105266
4686,0.167629
4687,0.137843
4688,0.107944
4689,0.0892461
4690,0.0661581
4691,0.179913
4692,0.0612053
4693,0.653416
4694,0.140297
4695,0.0831423
4696,0.0115157
4697,0.0103876
4698,0.273934
4699,0.060335
4700,0.038972
4701,0.174041
4702,0.0392065
4703,0.0588769
4704,0.0524683
4705,0.0603451
4706,0.0489216
4707,0.0180547
4708,0.124544
4709,0.263706
4710,0.0743034
4711,0.165649
4712,0.244734
4713,0.414177
4714,0.111573
4715,0.034864
4716,0.211356
4717,0.174452
4718,0.892923
4719,0.0153681
4720,0.0774398
4721,0.0189759
4722,0.0269957
4723,0.714174
4724,0.1647
4725,0.393046
4726,0.134422
4727,0.284414
4728,0.0537459
4729,0.0110364
4730,0.017453
4731,0.0248297
4732,0.216822
4733,0.629026
4734,0.08559
4735,0.269972
4736,0.0188287
4737,0.0369693
4738,0.393313
4739,0.0841438
4740,0.0570103
4741,1.09443
4742,0.0942233
4743,0.0288239
4744,0.0212844
4745,0.0504375
4746,0.0934805
4747,0.13326
4748,0.472506
4749,1.02255
4750,0.128318
4751,0.057313
4752,0.0793162
4753,0.160191
4754,0.0463759
4755,0.0137757
4756,0.0384479
4757,0.09986
4758,0.39611
4759,0.741585
4760,0.026947
4761,0.0439228
4762,0.016305
4763,0.0830881
4764,0.0266291
4765,0.94907
4766,0.0101177
4767,0.0601654
4768,0.0659136
4769,0.0286261
4770,0.0588643
4771,0.0347591
4772,1.22675
4773,0.0271032
4774,0.0355481
4775,0.013804
4776,0.0287964
4777,0.178802
4778,0.0899948
4779,1.41904
4780,0.249083
4781,0.806647
4782,0.230904
4783,0.156056
4784,1.35341
4785,0.0669742
4786,0.0551204
4787,0.0182669
4788,0.137103
4789,0.0999711
4790,0.597038
4791,0.0180795
4792,0.850034
4793,0.201698
4794,0.818064
4795,0.0106303
4796,0.0105004
4797,0.130442
4798,0.072308
4799,0.184148
4800,0.383162
4801,0.275864
4802,0.0265409
4803,0.0650583
4804,0.0513129
4805,0.226969
4806,0.189199
4807,0.106914
4808,0.0587629
4809,0.17541
4810,0.0360279
4811,0.0381144
4812,0.158373
4813,0.769397
4814,0.0470157
4815,0.129695
4816,0.0307756
4817,0.146475
4818,0.778498
4819,0.125954
4820,1.00534
4821,0.103929
4822,0.0386108
4823,0.147976
4824,0.279316
4825,0.0437078
4826,0.0533958
4827,0.212931
4828,0.0559353
4829,0.0231665
4830,0.119051
4831,0.354986
4832,0.675996
4833,0.0265785
4834,0.695344
4835,0.0345539
4836,0.05422
4837,0.708344
4838,0.126622
4839,0.479865
4840,0.0683432
4841,0.0870386
4842,0.931739
4843,0.118529
4844,0.149835
4845,0.936766
4846,0.071005
4847,0.103009
4848,0.0558721
4849,0.0828986
4850,0.0294143
4851,0.0651226
4852,0.0955638
4853,0.0336403
4854,0.88658
4855,0.154983
4856,0.0314214
4857,0.159588
4858,0.375511
4859,0.0866751
4860,0.658927
4861,0.0453024
4862,0.0753632
4863,0.0612592
4864,0.912791
4865,0.189699
4866,0.152102
4867,0.0105491
4868,0.0118643
4869,0.115301
4870,0.206255
4871,0.11791
4872,0.04696
4873,0.0400095
4874,0.191978
4875,0.0622846
4876,0.0418546
4877,0.0219683
4878,0.0671053
4879,0.327083
4880,0.116693
4881,0.644459
4882,0.0455292
4883,0.0691023
4884,0.310614
4885,0.0791817
4886,0.115645
4887,0.174306
4888,0.0666007
4889,0.233261
4890,0.0358068
4891,0.0896714
4892,0.0459933
4893,0.166587
4894,0.0613328
4895,0.0112085
4896,0.0470113
4897,0.264149
4898,0.060278
4899,0.118914
4900,0.0486835
4901,0.0310705
4902,0.441585
4903,0.0133633
4904,0.0874442
4905,0.226631
4906,0.127198
4907,0.549051
4908,0.248412
4909,0.0916354
4910,0.0560394
4911,1.05663
4912,0.17058
4913,0.0886174
4914,0.821386
4915,0.242219
4916,0.0731354
4917,0.0880896
4918,0.0167031
4919,0.237384
4920,0.0107862
4921,0.0145356
4922,0.0561051
4923,0.0249751
4924,0.0165115
4925,0.286511
4926,0.201486
4927,0.036485
4928,0.0300902
4929,0.0177945
4930,0.0792796
4931,0.0887364
4932,0.246824
4933,0.321983
4934,0.0105657
4935,0.228282
4936,0.204628
4937,0.0117549
4938,0.114806
4939,0.229954
4940,0.0237079
4941,0.012946
4942,0.121301
4943,0.190752
4944,1.2177
4945,0.258569
4946,0.213866
4947,0.0329829
4948,0.0359132
4949,0.106661
4950,0.126803
4951,0.074615
4952,0.248475
4953,0.417939
4954,0.0326402
4955,0.0102641
4956,0.0339329
4957,0.235438
4958,0.0365496
4959,0.0907092
4960,0.853445
4961,0.233742
4962,0.161264
4963,0.0907075
4964,0.0188771
4965,0.245862
4966,0.0145298
4967,0.75994
4968,0.279429
4969,0.0322704
4970,0.0758011
4971,0.100878
4972,0.189437
4973,0.0587963
4974,0.0475967
4975,0.0168885
4976,0.5452
4977,0.253925
4978,0.563251
4979,0.0416976
4980,0.26113
4981,0.120459
4982,0.0485904
4983,0.281505
4984,0.491509
4985,0.0446204
4986,0.0514795
4987,0.0410028
4988,0.0172521
4989,0.143407
4990,0.0218218
4991,0.721932
4992,0.0315385
4993,0.119434
4994,1.30308
4995,0.0141314
4996,0.0637623
4997,0.618365
4998,0.0243247
4999,0.262391
5000,0.0630771
5001,0.0497932
5002,0.0171618
5003,0.518401
5004,0.110595
5005,0.0211686
5006,0.0943972
5007,0.222416
5008,0.0486181
5009,0.0619153
5010,0.329118
5011,0.336919
5012,0.310264
5013,0.0205019
5014,0.0356252
5015,0.104652
5016,0.0327186
5017,0.270354
5018,0.015137
5019,0.908386
5020,0.208079
5021,0.0407915
5022,0.0632508
5023,0.0383885
5024,0.831978
5025,0.0593351
5026,0.646901
5027,0.177051
5028,0.0176794
5029,0.0190121
5030,0.0248352
5031,0.0681122
5032,0.101869
5033,0.0184091
5034,0.657015
5035,0.055189
5036,0.0239847
5037,0.846221
5038,0.229474
5039,1.08136
5040,0.100863
5041,0.515381
5042,0.017478
5043,0.0129576
5044,0.212538
5045,0.850629
5046,0.0297769
5047,0.0256459
5048,0.600834
5049,0.533439
5050,0.0322596
5051,0.0397643
5052,0.0593899
5053,0.032367
5054,0.237296
5055,0.490603
5056,0.0413279
5057,0.0268139
5058,0.309137
5059,0.545472
5060,0.210973
5061,0.201646
5062,0.0620744
5063,0.0116515
5064,0.148989
5065,0.371583
5066,0.442343
5067,0.23345
5068,0.0158698
5069,0.0267472
5070,0.0183995
5071,0.0333081
5072,0.0389801
5073,0.0582244
5074,0.0729948
5075,0.0334111
5076,0.0179916
5077,0.0932264
5078,0.0192089
5079,0.0214755
5080,0.0479859
5081,0.0543613
5082,0.86605
5083,0.0925146
5084,0.0257502
5085,0.0157938
5086,0.930344
5087,0.112271
5088,0.202693
5089,0.0672395
5090,0.31953
5091,0.598644
5092,0.0232487
5093,0.0335624
5094,0.0886136
5095,0.0143514
5096,0.0394912
5097,0.0957863
5098,0.0213133
5099,0.0107117
5100,0.0413776
5101,0.319129
5102,0.0472716
5103,0.0877272
5104,0.0265938
5105,1.04106
5106,0.424763
5107,0.488212
5108,0.446051
5109,0.149463
5110,0.0706055
5111,0.0459146
5112,0.206222
5113,0.0137674
5114,0.0774445
5115,0.0728678
5116,0.0954101
5117,0.0811146
5118,0.159818
5119,0.652398
5120,0.103507
5121,0.0199336
5122,0.355123
5123,0.403731
5124,0.325985
5125,0.131895
5126,0.0766709
5127,0.209203
5128,0.0203915
5129,0.89056
5130,0.0690391
5131,0.0574307
5132,0.231176
5133,0.422973
5134,1.22213
5135,0.746746
5136,0.0910265
5137,0.0104629
5138,0.0100946
5139,0.346964
5140,0.307798
5141,0.234647
5142,0.034175
5143,0.202502
5144,0.359624
5145,0.353637
5146,0.664932
5147,0.0365285
5148,0.129842
5149,0.218566
5150,0.351463
5151,0.0712548
5152,0.282549
5153,0.300212
5154,0.142566
5155,0.0806028
5156,0.059487
5157,0.106974
5158,0.0183123
5159,0.011315
5160,0.150127
5161,0.279195
5162,0.443073
5163,0.134808
5164,0.0394158
5165,0.223574
5166,0.0104357
5167,0.454061
5168,0.0373737
5169,0.449693
5170,0.102629
5171,0.0269669
5172,0.0347266
5173,0.138497
5174,0.202719
5175,0.0468696
5176,0.119199
5177,0.169276
5178,0.378818
5179,0.0898606
5180,0.0141268
5181,0.146371
5182,0.0407948
5183,0.306364
5184,0.0313283
5185,0.102086
5186,0.205953
5187,0.490275
5188,0.032389
5189,0.836322
5190,0.322983
5191,0.158832
5192,0.355672
5193,1.58612
5194,0.0667696
5195,0.0291019
5196,0.0611205
5197,0.350724
5198,0.145323
5199,0.0982368
5200,0.928036
5201,0.0140235
5202,0.054991
5203,0.0354359
5204,0.0160863
5205,0.503306
5206,0.0800528
5207,0.363875
5208,0.0459731
5209,0.676452
5210,0.581377
5211,0.0534158
5212,0.0346039
5213,0.355264
5214,0.0630518
5215,0.313641
5216,0.0758276
5217,0.0494406
5218,0.0512506
5219,0.0630075
5220,0.219991
5221,0.0215876
5222,0.314764
5223,0.130852
5224,0.0550649
5225,0.0612369
5226,0.742155
5227,0.0533583
5228,0.719843
5229,0.293194
5230,0.0940238
5231,0.0173401
5232,0.134891
5233,0.537182
5234,0.0551907
5235,0.0390715
5236,0.026218
5237,0.0156802
5238,0.0888328
5239,0.831102
5240,0.243365
5241,0.0220159
5242,0.0202869
5243,0.134452
5244,0.0603174
5245,0.0419412
5246,0.0585748
5247,0.037654
5248,0.0904034
5249,0.185628
5250,0.617575
5251,0.355047
5252,0.0901075
5253,0.0220125
5254,0.15752
5255,0.309165
5256,0.0890107
5257,0.055167
5258,1.09098
5259,0.141859
5260,0.0983243
5261,0.0197976
5262,0.287371
5263,0.279901
5264,0.538449
5265,0.0835338
5266,0.0625498
5267,0.062547
5268,1.19963
5269,0.124188
5270,0.0110008
5271,0.0265541
5272,1.0934
5273,0.190423
5274,0.349404
5275,0.0172132
5276,0.668892
5277,0.025565
5278,0.269047
5279,0.0539087
5280,0.0290345
5281,0.288594
5282,0.0116133
5283,0.0460722
5284,0.0130299
5285,0.151682
5286,0.403408
5287,0.0541956
5288,0.0333524
5289,0.0525739
5290,0.349984
5291,0.311427
5292,0.0111843
5293,0.065814
5294,0.13954
5295,0.383462
5296,0.152172
5297,0.0895931
5298,0.528752
5299,0.0490961
5300,0.0782092
5301,0.0203212
5302,0.146433
5303,0.0124812
5304,0.0111826
5305,0.0930479
5306,0.344471
5307,0.18239
5308,0.194694
5309,0.0278577
5310,0.390438
