0.1,6.10497e+07
0.2,6.11575e+07
0.3,6.13361e+07
0.4,6.15841e+07
0.5,6.18996e+07
0.6,6.22799e+07
0.7,6.27221e+07
0.8,6.32226e+07
0.9,6.37775e+07
1,6.43825e+07
1.1,6.5033e+07
1.2,6.5724e+07
1.3,6.64503e+07
1.4,6.72067e+07
1.5,6.79877e+07
1.6,6.87877e+07
1.7,6.96012e+07
1.8,7.04226e+07
1.9,7.12465e+07
2,7.20676e+07
2.1,7.28806e+07
2.2,7.36807e+07
2.3,7.44631e+07
2.4,7.52232e+07
2.5,7.59569e+07
2.6,7.66603e+07
2.7,7.73297e+07
2.8,7.7962e+07
2.9,7.85541e+07
3,7.91036e+07
3.1,7.96081e+07
3.2,8.00658e+07
3.3,8.0475e+07
3.4,8.08346e+07
3.5,8.11435e+07
3.6,8.14011e+07
3.7,8.16071e+07
3.8,8.17613e+07
3.9,8.18638e+07
4,8.19151e+07
4.1,8.19157e+07
4.2,8.18665e+07
4.3,8.17683e+07
4.4,8.16223e+07
4.5,8.14298e+07
4.6,8.11921e+07
4.7,8.09107e+07
4.8,8.05873e+07
4.9,8.02233e+07
5,7.98207e+07
5.1,7.93811e+07
5.2,7.89064e+07
5.3,7.83983e+07
5.4,7.78586e+07
5.5,7.72893e+07
5.6,7.66921e+07
5.7,7.60689e+07
5.8,7.54214e+07
5.9,7.47515e+07
6,7.40607e+07
6.1,7.33508e+07
6.2,7.26235e+07
6.3,7.18804e+07
6.4,7.11229e+07
6.5,7.03526e+07
6.6,6.95709e+07
6.7,6.87793e+07
6.8,6.79789e+07
6.9,6.71712e+07
7,6.63573e+07
7.1,6.55384e+07
7.2,6.47155e+07
7.3,6.38897e+07
7.4,6.30621e+07
7.5,6.22335e+07
7.6,6.14048e+07
7.7,6.05768e+07
7.8,5.97503e+07
7.9,5.89262e+07
8,5.81049e+07
8.1,5.72872e+07
8.2,5.64737e+07
8.3,5.56649e+07
8.4,5.48613e+07
8.5,5.40634e+07
8.6,5.32716e+07
8.7,5.24864e+07
8.8,5.1708e+07
8.9,5.09368e+07
9,5.01732e+07
9.1,4.94174e+07
9.2,4.86695e+07
9.3,4.793e+07
9.4,4.71989e+07
9.5,4.64764e+07
9.6,4.57626e+07
9.7,4.50578e+07
9.8,4.43619e+07
9.9,4.36752e+07
10,4.29976e+07
10.1,4.23292e+07
10.2,4.16701e+07
10.3,4.10202e+07
10.4,4.03797e+07
10.5,3.97485e+07
10.6,3.91265e+07
10.7,3.85139e+07
10.8,3.79105e+07
10.9,3.73163e+07
11,3.67313e+07
11.1,3.61554e+07
11.2,3.55885e+07
11.3,3.50307e+07
11.4,3.44818e+07
11.5,3.39417e+07
11.6,3.34103e+07
11.7,3.28877e+07
11.8,3.23736e+07
11.9,3.18681e+07
12,3.13709e+07
12.1,3.0882e+07
12.2,3.04013e+07
12.3,2.99287e+07
12.4,2.94641e+07
12.5,2.90074e+07
12.6,2.85584e+07
12.7,2.81172e+07
12.8,2.76834e+07
12.9,2.72572e+07
13,2.68382e+07
13.1,2.64265e+07
13.2,2.60219e+07
13.3,2.56242e+07
13.4,2.52335e+07
13.5,2.48496e+07
13.6,2.44723e+07
13.7,2.41016e+07
13.8,2.37373e+07
13.9,2.33794e+07
14,2.30277e+07
14.1,2.26822e+07
14.2,2.23427e+07
14.3,2.2009e+07
14.4,2.16813e+07
14.5,2.13592e+07
14.6,2.10427e+07
14.7,2.07318e+07
14.8,2.04263e+07
14.9,2.01261e+07
15,1.98311e+07
15.1,1.95413e+07
15.2,1.92565e+07
15.3,1.89766e+07
15.4,1.87016e+07
15.5,1.84314e+07
15.6,1.81658e+07
15.7,1.79048e+07
15.8,1.76484e+07
15.9,1.73963e+07
16,1.71486e+07
16.1,1.69052e+07
16.2,1.66659e+07
16.3,1.64308e+07
16.4,1.61997e+07
16.5,1.59725e+07
16.6,1.57492e+07
16.7,1.55297e+07
16.8,1.53139e+07
16.9,1.51018e+07
17,1.48933e+07
17.1,1.46883e+07
17.2,1.44868e+07
17.3,1.42887e+07
17.4,1.40939e+07
17.5,1.39023e+07
17.6,1.3714e+07
17.7,1.35288e+07
17.8,1.33467e+07
17.9,1.31676e+07
18,1.29916e+07
18.1,1.28184e+07
18.2,1.26481e+07
18.3,1.24805e+07
18.4,1.23158e+07
18.5,1.21537e+07
18.6,1.19943e+07
18.7,1.18375e+07
18.8,1.16833e+07
18.9,1.15315e+07
19,1.13823e+07
19.1,1.12354e+07
19.2,1.10909e+07
19.3,1.09487e+07
19.4,1.08088e+07
19.5,1.06712e+07
19.6,1.05357e+07
19.7,1.04024e+07
19.8,1.02712e+07
19.9,1.01421e+07
20,1.00151e+07
20.1,9.89001e+06
20.2,9.76691e+06
20.3,9.64575e+06
20.4,9.52648e+06
20.5,9.40907e+06
20.6,9.29348e+06
20.7,9.17969e+06
20.8,9.06766e+06
20.9,8.95736e+06
21,8.84875e+06
21.1,8.74181e+06
21.2,8.63651e+06
21.3,8.53281e+06
21.4,8.43069e+06
21.5,8.33013e+06
21.6,8.23108e+06
21.7,8.13353e+06
21.8,8.03745e+06
21.9,7.94281e+06
22,7.84959e+06
22.1,7.75776e+06
22.2,7.66729e+06
22.3,7.57817e+06
22.4,7.49037e+06
22.5,7.40386e+06
22.6,7.31863e+06
22.7,7.23465e+06
22.8,7.1519e+06
22.9,7.07036e+06
23,6.99e+06
23.1,6.91081e+06
23.2,6.83277e+06
23.3,6.75585e+06
23.4,6.68005e+06
23.5,6.60533e+06
23.6,6.53168e+06
23.7,6.45908e+06
23.8,6.38751e+06
23.9,6.31696e+06
24,6.24741e+06
24.1,6.17884e+06
24.2,6.11124e+06
24.3,6.04459e+06
24.4,5.97886e+06
24.5,5.91406e+06
24.6,5.85016e+06
24.7,5.78714e+06
24.8,5.725e+06
24.9,5.66372e+06
25,5.60328e+06
25.1,5.54366e+06
25.2,5.48487e+06
25.3,5.42688e+06
25.4,5.36967e+06
25.5,5.31325e+06
25.6,5.25758e+06
25.7,5.20267e+06
25.8,5.1485e+06
25.9,5.09505e+06
26,5.04232e+06
26.1,4.9903e+06
26.2,4.93897e+06
26.3,4.88831e+06
26.4,4.83833e+06
26.5,4.78901e+06
26.6,4.74034e+06
26.7,4.69231e+06
26.8,4.6449e+06
26.9,4.59812e+06
27,4.55194e+06
27.1,4.50637e+06
27.2,4.46138e+06
27.3,4.41698e+06
27.4,4.37314e+06
27.5,4.32987e+06
27.6,4.28716e+06
27.7,4.24499e+06
27.8,4.20335e+06
27.9,4.16225e+06
28,4.12167e+06
28.1,4.0816e+06
28.2,4.04203e+06
28.3,4.00296e+06
28.4,3.96439e+06
28.5,3.92629e+06
28.6,3.88867e+06
28.7,3.85151e+06
28.8,3.81482e+06
28.9,3.77858e+06
29,3.74279e+06
29.1,3.70744e+06
29.2,3.67252e+06
29.3,3.63803e+06
29.4,3.60396e+06
29.5,3.5703e+06
29.6,3.53706e+06
29.7,3.50421e+06
29.8,3.47176e+06
29.9,3.43971e+06
